20 "PA3-G-OurOutput-Octree.txt"
  -34.02   -23.94   -13.62      -33.10   -25.45   -15.04       2.265
   11.42    21.55   -18.27       14.89    24.04   -17.44       4.352
   18.09     1.80   -28.63       21.09     1.83   -26.44       3.715
   15.70    13.11    47.58       21.30    14.25    46.42       5.828
  -37.69   -12.33   -11.41      -38.41   -13.00   -11.95       1.125
    3.60    16.70    -6.86        7.83    16.54    -8.07       4.404
   -9.31    -4.57    48.82       -5.35    -1.69    49.91       5.023
   11.29    -7.89    51.20       12.85    -6.04    51.55       2.446
   32.80    -6.21   -17.40       34.52    -5.07   -17.45       2.059
   17.08    18.79   -30.34       17.19    18.95   -30.58       0.312
   35.26    -2.79   -13.99       35.57    -4.08   -16.54       2.872
   -3.86   -17.85   -39.09       -3.10   -18.52   -38.13       1.397
  -38.46    -4.45   -45.51      -35.07    -6.48   -44.02       4.231
  -29.13    10.03   -32.14      -27.41    10.10   -32.17       1.726
    6.97   -10.32    16.48        4.82   -10.71    13.30       3.858
   29.01    16.51   -18.03       31.26    17.54   -18.99       2.661
   14.75   -19.24   -13.90       13.81   -16.91    -9.95       4.683
   18.60    21.27    10.05       20.46    24.36    10.67       3.658
  -14.81     3.90    13.51      -12.08     4.53    14.35       2.918
   16.82    -8.43   -26.08       18.43    -7.98   -23.32       3.219
