15 "PA3-F-OurOutput-Octree.txt"
   -6.17     6.77    -6.62       -6.90     8.24    -7.96       2.117
   33.73    13.62     6.42       34.92    14.37     8.26       2.312
   -9.22     0.13   -41.57       -8.87     0.47   -41.68       0.499
  -39.54   -13.19   -15.56      -40.78   -13.49   -15.53       1.272
   -8.55    -6.89    25.02       -6.89    -5.52    24.11       2.336
  -11.31   -16.42   -47.95      -12.11   -15.85   -46.64       1.636
    6.12    -7.72    46.63        4.74    -7.11    46.61       1.510
   24.40    -7.60    15.51       24.10    -5.78    15.62       1.846
    5.43    19.59    43.11        4.88    20.78    40.84       2.620
   18.20     6.55   -26.79       18.18     6.76   -25.30       1.510
   -8.06     3.75    41.10       -6.98     4.91    41.19       1.589
   18.59    12.41    51.02       20.83    13.86    51.41       2.698
   27.00    -4.37    18.88       28.73    -2.34    17.89       2.844
    1.86   -13.64   -28.85        1.69   -13.43   -26.76       2.100
  -12.23     5.45     6.27      -12.69     4.28     9.95       3.893
