15 "PA3-C-OurOutput-Octree.txt"
  -19.43   -30.67   -20.32      -19.24   -31.89   -20.19       1.240
  -28.24   -17.07    -9.53      -27.51   -16.72    -7.29       2.390
    8.57   -10.06   -23.94        7.42   -11.95   -21.81       3.072
   37.66    10.11    -2.83       37.55    12.52    -2.89       2.409
    9.24    23.95    -6.17        9.34    23.83    -5.01       1.165
   34.39     2.48   -22.77       34.92     2.24   -21.37       1.516
  -42.06    -0.02   -26.32      -39.54     2.52   -27.14       3.673
  -25.47   -15.85   -50.30      -24.87   -15.59   -48.04       2.350
   -2.09   -20.91   -33.00       -1.38   -20.68   -32.57       0.856
  -15.15     2.45     1.83      -13.04     5.02    -0.89       4.293
   13.52    -8.10    13.67       13.60    -8.55    13.52       0.479
   -4.11    -2.49   -36.03       -3.56    -3.11   -37.22       1.446
  -10.22     9.14   -26.02      -10.45     8.86   -25.86       0.398
   25.45    -4.25    16.81       24.16    -5.34    17.17       1.731
   -7.78     8.32   -17.00       -7.78     8.34   -17.00       0.026
