15 "PA3-B-OurOutput-Octree.txt"
  -37.65    -9.49   -12.77      -38.86    -8.84   -11.81       1.673
  -18.61    -9.66    -4.30      -19.15   -10.02    -2.96       1.484
   -2.14    -7.92    52.45       -2.26    -5.25    52.53       2.674
   17.87   -12.58     1.67       17.61   -12.45     2.31       0.706
  -13.95    21.50    25.30      -12.89    23.12    20.92       4.784
   28.96    19.06   -13.74       30.68    20.49   -13.34       2.266
   24.26    22.12    -2.00       27.07    23.36    -2.22       3.080
  -27.75   -23.80   -48.37      -27.05   -21.42   -45.70       3.641
  -28.46     7.90   -35.89      -27.59     7.79   -37.37       1.722
  -12.66     9.57    12.90      -11.40     9.04    14.51       2.106
  -27.12   -28.66   -14.36      -27.22   -28.06   -13.40       1.132
   37.26     5.26     4.71       39.74     5.91     4.97       2.584
   20.18   -14.87    -4.87       21.62   -13.19    -2.76       3.066
   -4.26    12.84    54.08       -4.69    13.35    53.96       0.682
   32.08    15.85    -2.09       34.24    15.90    -2.41       2.175
