15 "PA3-D-OurOutput-Octree.txt"
    6.18    20.99    51.99        7.56    20.45    53.30       1.983
   16.41    -1.82    44.73       17.68    -4.22    44.90       2.716
   -8.81    -1.91    62.12       -5.65    -1.47    62.04       3.189
  -11.58     8.69    58.84       -6.98     6.76    55.98       5.744
    8.54    -4.63   -22.51        7.83    -5.26   -22.66       0.957
   17.31    -4.20    32.75       16.63    -5.56    32.99       1.540
   12.92    21.79    28.53       13.32    22.63    29.76       1.544
   13.31   -13.69     3.59       13.27   -13.47     3.43       0.271
  -29.25   -31.37   -36.30      -28.74   -29.64   -35.16       2.132
    1.66   -18.57   -22.88        0.87   -19.83   -22.72       1.503
   -5.60    18.31    43.99       -4.12    16.50    46.26       3.257
   -6.31    10.64    -0.38       -5.00    10.29    -2.21       2.278
  -28.74   -14.53    -8.36      -27.74   -14.99    -6.68       2.016
  -21.46    -1.51    -7.99      -21.13    -2.82    -5.71       2.657
   15.54   -11.30   -20.78       16.58   -10.65   -19.87       1.533
