200 "PA4-C-OurOutput-KDTree.txt"
    8.32    11.41   -11.61        8.42    11.16   -11.38       0.348
  -37.98    -8.30   -11.17      -38.16    -8.26   -11.04       0.225
  -33.06   -25.60   -16.23      -33.39   -25.94   -15.94       0.548
  -42.26   -17.64   -30.16      -41.54   -17.41   -29.71       0.882
    7.93    -7.06    61.40        7.94    -7.38    61.38       0.321
   15.18   -10.77     6.90       15.18   -10.81     6.92       0.048
    7.76    -8.87   -23.76        7.61    -8.76   -23.37       0.426
    5.61   -13.02     3.69        5.62   -12.92     3.67       0.106
  -38.77   -21.85   -35.39      -38.25   -21.55   -35.17       0.643
   16.90     2.83   -23.00       17.36     2.79   -22.41       0.751
   -9.05    25.31    24.25       -9.05    25.02    24.26       0.294
  -24.35    -7.14    -6.97      -24.72    -6.93    -6.34       0.761
   -2.19    24.27    23.63       -2.20    24.21    23.64       0.057
   -5.44   -26.14   -23.75       -5.24   -26.45   -23.72       0.373
  -37.70     5.25   -26.38      -37.49     5.03   -26.40       0.312
  -29.42     8.22   -18.07      -29.46     8.41   -17.97       0.214
   33.75    10.02    10.86       34.36    10.14    11.29       0.760
  -17.97    12.21   -27.75      -17.97    12.22   -27.75       0.006
   -0.31    -6.16    61.99       -0.47    -6.44    61.98       0.325
  -28.17   -25.31   -43.00      -27.92   -24.78   -42.49       0.771
  -20.68    -3.38    -5.23      -20.87    -3.35    -5.11       0.229
   -9.30     9.81     6.38       -8.97     9.54     6.50       0.446
   -7.58     5.55    35.33       -7.39     5.62    35.31       0.204
  -21.00     7.35   -40.90      -21.10     6.73   -40.38       0.816
   -9.66     6.38    26.64       -9.66     6.38    26.64       0.001
  -38.24   -14.67   -42.50      -37.52   -14.50   -41.91       0.941
   24.49    16.55    23.32       24.99    16.83    23.46       0.589
  -10.58   -27.94   -18.73      -10.34   -28.39   -18.61       0.519
   -1.31    -4.54   -30.00       -1.51    -4.61   -29.84       0.265
  -25.17   -32.39   -30.04      -25.16   -32.36   -30.04       0.038
   28.78    -3.81    14.51       28.84    -3.92    14.62       0.162
   21.99    13.46   -31.17       21.90    12.97   -30.55       0.797
   32.89    16.78    -5.12       33.34    17.15    -5.08       0.584
  -10.39    -0.49   -44.27      -10.75    -0.78   -43.71       0.726
    2.20    22.49    30.33        2.23    22.76    30.41       0.282
   24.75    15.84    23.55       25.29    16.11    23.74       0.624
   18.08    24.15   -24.61       18.21    24.50   -24.94       0.502
   34.92    -5.10     5.49       34.67    -4.82     5.49       0.376
   -6.87     1.15    47.36       -6.46     1.30    47.34       0.436
    3.07    19.12    52.93        3.11    18.98    52.92       0.141
   -4.51   -20.46   -12.83       -4.28   -20.90   -12.64       0.521
   28.93   -10.49    -2.98       28.77   -10.27    -3.03       0.278
    1.77    -6.75    46.84        1.77    -6.79    46.84       0.038
   17.75    -8.52    11.41       17.73    -8.41    11.38       0.115
   23.67     4.67   -31.06       23.91     4.90   -30.15       0.975
   -7.94    10.27     4.04       -7.65     9.97     4.16       0.435
  -27.91    11.12   -29.16      -27.75    10.68   -29.06       0.476
  -43.54   -14.69   -24.97      -43.38   -14.65   -24.99       0.166
   30.21    12.31   -26.53       30.20    12.30   -26.52       0.021
   17.61    -7.19    17.17       17.58    -7.04    17.15       0.151
   32.57     5.24   -26.07       32.15     5.27   -25.83       0.479
   28.43   -12.76   -16.16       28.10   -12.17   -16.06       0.685
   22.55     7.06    46.14       23.17     7.04    46.26       0.628
  -28.03     3.20   -43.80      -27.70     2.60   -43.17       0.928
   12.11    25.98     8.22       12.02    26.52     8.28       0.545
    1.15    15.70    61.57        0.98    15.97    62.36       0.851
  -11.15   -13.22    -2.36      -11.24   -13.53    -2.09       0.416
   -3.22    17.92     8.58       -2.78    17.60     9.00       0.681
  -12.48     2.24   -44.02      -12.81     1.86   -43.52       0.706
    8.05    20.84    48.42        8.08    20.69    48.43       0.157
   30.59    -6.71     9.04       30.52    -6.52     8.96       0.215
  -24.00   -30.45   -37.21      -23.89   -30.04   -37.02       0.459
   -0.62    -7.10   -30.24       -0.86    -7.17   -30.04       0.319
   21.41     9.02    54.10       22.00     9.02    54.15       0.591
   22.42     2.81   -29.90       22.99     3.34   -29.11       1.101
  -11.14   -12.56    -1.32      -11.25   -12.88    -1.11       0.403
  -19.36   -26.97   -42.51      -19.43   -26.54   -42.16       0.557
  -18.73    -6.72   -49.48      -19.00    -6.80   -48.51       1.013
   -5.15    18.66    11.13       -4.75    18.22    11.63       0.781
   -3.65   -24.67   -25.06       -3.20   -24.96   -25.02       0.539
    8.22     8.75   -14.74        8.22     8.52   -14.52       0.318
  -31.90   -25.76   -40.18      -31.56   -25.31   -39.74       0.709
   -9.66     6.76    27.07       -9.71     6.73    27.08       0.058
   -2.71    -6.77   -36.37       -2.24    -6.65   -36.50       0.496
  -41.95    -1.33   -22.50      -41.63    -1.51   -22.57       0.379
   28.68    21.15     3.43       29.02    21.64     3.45       0.590
  -19.81   -30.36   -17.52      -19.64   -31.01   -16.94       0.893
   20.13    -4.31    31.20       20.21    -4.42    31.22       0.144
   13.88    -7.66    17.43       13.86    -7.52    17.40       0.148
  -23.56    -7.43    -6.31      -23.89    -7.34    -5.86       0.561
   36.40     9.74     7.66       37.00     9.87     8.18       0.803
   17.79   -11.52     3.59       17.84   -11.61     3.64       0.118
   -2.18    -8.28    24.90       -2.20    -8.56    24.98       0.289
   37.41    -1.80   -13.70       36.92    -1.46   -13.50       0.633
  -14.64    11.20   -27.40      -14.64    11.19   -27.40       0.005
   21.19    -6.90    14.53       21.15    -6.75    14.49       0.165
   27.23    -6.45    11.94       27.21    -6.31    11.86       0.163
   28.58    -1.39   -29.22       28.07    -1.03   -28.52       0.937
    9.34    -7.63    20.87        9.33    -7.57    20.86       0.059
  -40.25   -15.15   -36.76      -39.75   -15.11   -36.67       0.502
   14.86    -6.14    30.84       14.86    -6.07    30.83       0.074
   16.74    -4.73    42.29       16.85    -4.92    42.30       0.217
   36.75     6.32   -14.75       36.91     6.34   -14.78       0.160
  -37.73     1.64   -37.94      -37.17     1.30   -37.54       0.766
    2.33    17.97     1.65        2.54    17.82     1.75       0.273
   29.37     6.44    19.27       29.98     6.50    19.58       0.694
  -22.18    -9.79   -50.43      -22.32   -10.06   -49.76       0.732
  -34.06   -27.22   -35.14      -33.78   -26.91   -35.00       0.438
   27.81   -13.04   -15.31       27.54   -12.63   -15.24       0.489
   -4.61    -0.88   -32.66       -4.40    -0.76   -32.66       0.239
  -10.78     4.99   -39.93      -11.07     4.68   -39.64       0.514
   -5.66    -2.26    44.18       -5.24    -2.07    44.17       0.464
  -23.49   -13.59    -6.92      -23.72   -13.87    -6.04       0.948
  -30.23   -30.85   -26.57      -30.21   -30.80   -26.57       0.059
  -23.24   -32.53   -25.96      -23.22   -32.78   -25.95       0.257
  -13.37    16.73    16.24      -12.78    16.56    17.09       1.052
    0.53    20.31     6.79        0.76    20.09     6.94       0.352
   -3.51    -4.51    49.85       -3.33    -4.29    49.86       0.281
  -39.90   -17.23   -16.22      -40.09   -17.30   -16.13       0.224
   -9.71     2.61    22.48       -9.59     2.64    22.45       0.117
  -20.95     7.14   -41.13      -21.04     6.53   -40.61       0.809
    7.68   -14.15     1.55        7.72   -14.00     1.51       0.168
   20.52    13.08    51.82       21.04    13.28    51.89       0.561
  -41.60   -16.54   -19.28      -41.63   -16.55   -19.27       0.031
  -19.79     3.53   -44.52      -19.74     2.96   -43.87       0.863
  -30.31     6.43   -39.44      -30.15     5.86   -39.04       0.712
    7.60    24.64    13.28        7.53    25.11    13.36       0.479
   37.27    11.16     5.91       37.94    11.50     5.92       0.747
  -31.77     8.10   -19.97      -31.81     8.17   -19.95       0.084
  -30.38   -30.63   -24.93      -30.39   -30.64   -24.93       0.017
   16.06     9.67   -22.71       16.31     9.73   -22.66       0.266
   -7.50     8.27    40.48       -7.28     8.28    40.44       0.227
   -6.63   -25.78   -33.96       -6.62   -25.79   -33.97       0.014
  -32.55   -18.21    -9.66      -32.87   -18.38    -9.01       0.750
   -3.10    24.21    20.04       -3.10    24.07    20.07       0.138
   -9.81    -8.23   -47.53      -10.03    -8.29   -46.82       0.749
    3.71    -4.39   -25.28        3.40    -4.50   -24.79       0.591
   -2.43    17.53    47.02       -2.51    17.69    47.05       0.174
   35.29    -5.00   -15.77       35.09    -4.88   -15.76       0.232
   18.50    24.99   -13.20       18.46    25.60   -13.26       0.609
   31.13     9.99    14.72       31.80    10.28    15.05       0.804
   -7.05     4.58   -33.86       -7.04     4.58   -33.86       0.015
  -40.95   -17.96   -18.98      -41.04   -17.99   -18.96       0.100
  -16.61    10.11   -37.35      -16.71     9.78   -37.06       0.452
   36.59    11.62     7.02       37.17    11.74     7.52       0.775
  -36.22     4.22   -35.67      -35.79     3.79   -35.50       0.627
   -2.63   -22.45   -32.68       -2.54   -22.57   -32.70       0.149
    3.26   -16.00    -6.56        3.25   -15.96    -6.58       0.049
   16.58   -18.07    -8.12       16.56   -17.66    -8.19       0.415
  -31.44    -3.61   -10.67      -31.65    -3.29    -9.93       0.834
  -43.34    -4.29   -21.63      -43.06    -4.44   -21.65       0.313
   36.98    11.22    -9.33       37.25    11.32    -9.36       0.287
   -7.34     3.40    50.64       -6.75     3.50    50.61       0.593
   17.03   -16.78   -15.28       17.27   -15.84   -14.82       1.072
  -11.54    21.91    17.45      -11.12    21.32    18.09       0.969
  -12.16    -3.26   -47.25      -12.40    -3.44   -46.67       0.655
   25.27    -7.18    11.00       25.26    -6.80    10.89       0.398
  -15.49   -31.18   -23.11      -15.37   -31.60   -23.03       0.449
  -16.92     5.09   -12.47      -17.01     5.35   -12.35       0.308
   33.30     0.22    12.89       33.77     0.09    13.34       0.663
   -7.02    25.26    25.11       -7.03    25.06    25.11       0.199
   39.58     4.18     1.93       39.73     4.16     1.93       0.152
   29.63    14.62    13.73       30.26    14.96    14.23       0.876
  -27.84   -30.71   -20.25      -27.90   -30.90   -20.19       0.212
  -15.03    12.40    25.40      -14.93    12.44    25.41       0.113
  -11.40    11.33    13.88      -10.73    11.16    14.27       0.792
   18.35    -5.10    31.44       18.37    -5.15    31.45       0.050
  -38.04   -10.51   -43.47      -37.28   -10.56   -42.99       0.897
   17.27    -5.87    28.47       17.23    -5.76    28.47       0.116
  -41.30   -10.45   -32.27      -40.78   -10.20   -31.95       0.658
   -4.63    13.86    58.32       -4.25    13.58    58.27       0.470
   38.18    -0.74     3.80       38.13    -0.72     3.81       0.054
  -10.46   -10.48     1.82      -10.67   -10.80     2.21       0.552
  -11.23     6.59     0.75      -11.14     6.47     0.74       0.147
  -29.80   -30.95   -24.99      -29.80   -30.94   -24.99       0.003
   -8.35    -4.40    21.00       -8.16    -4.31    20.95       0.212
    8.83    22.32    29.62        8.83    22.67    29.68       0.349
  -41.35   -10.68   -16.41      -41.52   -10.69   -16.33       0.183
   12.11    -6.32    34.27       12.10    -6.27    34.27       0.056
   -4.48    16.81     8.98       -4.12    16.37     9.37       0.693
   11.15    12.98    62.07       11.18    12.99    63.13       1.054
   18.85    -0.80    54.58       19.19    -1.11    54.60       0.460
  -19.09     8.97   -19.40      -18.93     9.48   -18.86       0.762
  -22.39    10.63   -20.14      -22.29    11.14   -19.59       0.754
    4.38   -14.61   -23.06        4.01   -14.39   -22.92       0.447
   27.33   -13.36   -15.89       27.01   -12.89   -15.80       0.580
  -15.91    11.71   -29.60      -16.01    11.49   -29.56       0.243
  -39.39   -11.84   -13.72      -39.66   -11.88   -13.53       0.334
   22.72    19.21    22.58       23.12    19.61    22.68       0.575
  -12.74   -29.56   -20.77      -12.52   -30.05   -20.66       0.545
   35.29    -4.27     7.17       35.19    -4.17     7.14       0.145
   -4.18    15.19    49.66       -3.94    14.91    49.66       0.370
   21.14   -11.99   -22.31       21.21   -11.67   -21.32       1.040
  -14.12    15.38    32.28      -14.56    15.20    32.52       0.537
   12.67    21.46   -16.62       12.38    21.55   -16.63       0.305
   33.56    -7.37   -17.07       33.14    -7.07   -16.95       0.527
  -31.40   -24.52   -41.96      -31.03   -24.03   -41.49       0.776
    0.99    -2.55   -26.40        0.80    -2.62   -26.17       0.301
   23.22    24.60    -4.36       23.39    25.03    -4.40       0.474
   36.18    11.73   -12.62       36.26    11.75   -12.63       0.085
   18.81    -9.41   -23.63       19.02    -8.55   -22.85       1.175
    6.94    12.16    62.16        6.91    12.22    63.20       1.043
  -19.94   -15.76   -49.41      -20.04   -15.48   -48.49       0.972
    3.12    18.76    60.43        3.24    18.48    60.43       0.301
  -34.50     7.97   -27.80      -34.28     7.66   -27.75       0.379
   14.98   -13.44     2.13       15.00   -13.50     2.15       0.062
  -23.34     9.90   -19.50      -23.32    10.42   -18.78       0.886
   -1.16   -11.65   -35.42       -1.02   -11.64   -35.49       0.153
  -15.95    18.20    20.84      -15.66    18.06    20.92       0.327
  -12.49     8.09   -37.06      -12.65     7.88   -36.94       0.287
