200 "PA4-B-OurOutput-Octree.txt"
   37.71     3.04   -13.68       38.32     3.05   -12.75       1.111
   38.52     8.59    -6.71       38.71     7.73    -8.84       2.305
   16.19    22.35    28.15       16.05    22.81    26.64       1.581
   12.82    20.80    53.64       13.40    20.97    53.68       0.606
   24.76    23.44   -19.87       29.38    20.86   -18.04       5.598
   -8.97   -12.66    -0.37       -9.84   -14.12    -2.27       2.552
   29.02    19.31   -21.54       29.93    18.52   -21.05       1.300
   18.97    17.89    42.07       20.90    16.56    41.16       2.516
   17.13   -11.64     3.22       17.36   -12.01     3.42       0.484
   37.04    -1.19    -0.76       37.07    -1.42    -1.93       1.184
  -15.99   -29.71   -18.20      -17.64   -31.61   -19.90       3.040
   31.48    19.14    -8.31       30.81    20.37    -8.79       1.474
   29.36    14.16    15.10       29.74    14.40    15.25       0.473
  -42.28   -17.70   -22.41      -41.66   -18.91   -23.53       1.762
   -0.06   -11.64     6.49        0.59   -11.34    10.35       3.931
  -42.22   -14.14   -18.45      -42.04   -14.10   -18.51       0.195
  -33.09     8.72   -29.19      -32.89     8.58   -27.45       1.760
  -17.14   -30.44   -19.17      -17.74   -31.61   -19.80       1.461
   18.82    -0.51    59.43       19.04    -0.70    59.47       0.297
   16.71   -15.40    -3.21       16.10   -16.97    -4.69       2.238
   31.06    -5.50     9.79       31.22    -5.81     9.91       0.365
   30.96    12.65   -25.20       30.94    12.63   -25.18       0.034
   30.61     5.41    17.17       31.19     5.98    17.50       0.871
    4.20    10.66   -12.00        2.19     9.92   -11.86       2.155
   -2.36    18.40    44.70       -1.42    19.34    43.87       1.571
   32.42    18.22     3.23       30.80    20.32     3.30       2.647
   -7.54     1.12    32.25       -7.19     0.73    32.20       0.517
  -19.43    -7.76    -3.31      -19.64    -6.74    -2.89       1.125
    2.10    -7.80    27.43        2.22    -8.39    25.79       1.747
  -22.29   -13.28   -49.40      -23.94   -13.27   -48.56       1.852
  -21.34   -32.53   -30.04      -20.05   -32.63   -30.88       1.544
    0.78    -3.44   -26.70       -3.01    -0.52   -28.87       5.253
   31.61     0.85    14.88       29.28    -1.19    18.34       4.634
   -8.48     8.65    35.57       -8.55     8.47    34.20       1.378
   -0.76    -9.92   -31.74       -0.43   -11.34   -32.80       1.800
  -18.80   -29.41   -38.43      -18.82   -29.34   -38.39       0.085
   -1.74   -10.81    11.65       -0.16   -11.18    10.47       2.011
   36.40     3.65   -15.88       36.63     3.08   -15.89       0.618
   -8.02    -9.80     6.00       -6.47   -11.32     4.44       2.670
   -9.73    13.67    37.46      -10.24    14.08    36.86       0.891
    1.59    14.59    -2.99       -2.19    11.30    -3.53       5.040
  -16.79     5.21   -11.80      -17.23     5.33   -12.47       0.814
   17.58    17.03    53.74       19.72    15.52    51.63       3.360
  -41.99   -13.37   -17.63      -41.91   -13.35   -17.68       0.092
   34.57    15.44    -8.09       34.84    15.51    -6.85       1.269
  -35.95   -14.59   -44.72      -34.89   -13.12   -45.45       1.955
   23.83    -7.31     8.75       23.91    -7.40     9.16       0.420
  -23.48   -14.74   -48.98      -23.87   -14.70   -48.41       0.692
    1.39    18.86    49.95        0.41    18.62    49.88       1.010
   11.24    18.11   -23.49       13.03    16.06   -19.38       4.926
    8.45    22.66    -6.49        8.35    22.16    -5.72       0.917
    3.16     3.65   -21.08        0.26     7.25   -18.51       5.287
  -15.96   -28.18   -15.63      -15.80   -26.91   -12.60       3.291
   -5.04    13.53    51.36       -4.79    13.34    52.14       0.846
  -39.63     3.20   -27.63      -39.25     2.88   -27.56       0.512
   -1.24    -5.89    47.22       -2.60    -5.15    46.41       1.754
  -33.23     2.36   -13.94      -33.18     2.02   -13.18       0.838
   25.94     6.05    29.94       26.05     7.32    31.23       1.808
  -36.80    -6.82   -43.67      -35.83    -7.53   -43.71       1.208
   21.63   -11.53    -1.28       21.86   -11.92    -1.03       0.516
   -4.70   -23.06   -35.08       -4.21   -22.53   -35.54       0.859
  -31.52     8.30   -33.79      -31.23     7.84   -33.58       0.576
   35.60     4.57    10.42       35.95     5.73    11.01       1.341
   19.00    26.36    -6.08       16.30    26.64    -6.12       2.711
  -11.70     6.86    20.39      -11.58     6.66    18.54       1.868
  -32.32   -27.00   -16.73      -32.47   -27.19   -16.51       0.324
  -13.62   -11.47   -48.33      -13.77   -13.16   -47.96       1.731
   -8.14    -3.56    24.09       -7.92    -3.45    24.05       0.248
   33.85    14.49   -16.10       34.54    15.43   -13.72       2.651
   22.02    20.32    22.02       22.10    20.12    24.17       2.160
   17.49    16.65    57.03       17.88    16.57    58.49       1.513
  -30.41   -29.29   -34.96      -29.72   -29.19   -35.29       0.773
  -30.05     7.24   -37.91      -29.38     6.59   -38.34       1.025
    1.10    18.02    56.71        0.60    17.99    55.53       1.287
  -29.80    -4.85    -9.54      -31.01    -5.39    -8.84       1.503
  -21.22   -20.22   -47.59      -20.34   -20.01   -47.19       0.995
  -44.03    -5.58   -27.82      -43.24    -8.02   -29.55       3.094
   18.26    15.41   -31.76       19.75    15.71   -31.24       1.605
  -11.07   -18.22   -45.41      -10.89   -16.49   -45.62       1.752
   16.69    -4.58    44.77       16.79    -4.75    44.79       0.204
   14.85    21.89    35.00       14.38    22.42    34.01       1.216
   13.79    26.39    -6.31       13.83    26.17    -6.26       0.230
   -5.69    -1.83    57.33       -5.37    -1.65    58.77       1.494
  -34.69   -19.46   -11.09      -37.62   -16.70   -11.98       4.122
    7.82    24.03    20.26        7.90    23.89    21.70       1.457
    3.73    -9.77   -25.53        3.51   -12.32   -24.95       2.624
  -43.39   -12.75   -21.22      -43.18   -12.67   -21.59       0.428
   26.01   -12.33    -9.55       24.45   -13.99    -8.34       2.576
   -0.64    -7.42    30.54        0.41    -7.67    30.70       1.092
   11.43    27.09     0.87       12.67    27.64     2.20       1.903
   30.47     7.86   -28.33       31.03     7.97   -27.53       0.977
    2.00    -7.88    27.22        2.11    -8.41    25.79       1.528
   15.73    18.05    57.62       14.94    18.90    58.60       1.518
   36.20     8.29   -15.03       36.29     8.79   -16.65       1.694
   15.16    24.45   -20.53       16.24    24.81   -19.80       1.350
   -7.08    -7.76    15.54       -7.00    -7.68    15.51       0.121
   12.11   -11.72     5.39       13.08   -11.93     5.58       1.008
   -3.00    -4.92    49.46       -2.81    -4.71    49.55       0.301
    2.92     9.01    62.80        5.94     9.06    63.32       3.063
  -13.24   -26.18   -40.89      -12.95   -26.07   -40.77       0.336
   33.08    17.15    -7.38       34.84    15.51    -6.85       2.461
  -29.97   -30.70   -30.54      -30.49   -30.35   -30.37       0.656
  -17.45     1.38    -2.81      -19.09    -3.15    -2.27       4.846
   29.35     4.69   -29.22       27.65     5.74   -29.88       2.106
   15.53    -9.25   -21.81       17.13    -8.54   -21.88       1.749
    7.31    -8.06   -23.46        6.48    -7.51   -23.58       1.006
   -3.57    18.36     9.47       -0.27    19.99     8.41       3.828
  -34.65   -28.12   -25.74      -34.57   -28.02   -25.75       0.127
    4.52    -7.31    32.13        4.18    -7.39    31.42       0.784
   17.83    -5.53    27.19       16.06    -6.18    26.79       1.928
  -43.75    -6.31   -21.10      -43.58    -7.58   -22.70       2.046
   -7.01   -27.26   -25.27       -5.70   -26.51   -21.37       4.186
    8.14    -7.29    23.76        5.02    -8.17    24.01       3.248
   22.39   -13.97    -5.25       21.62   -13.19    -2.76       2.729
   18.00    -5.52    26.84       16.15    -6.19    26.42       2.016
   20.50    20.59    26.59       21.19    20.50    26.62       0.696
   -8.19   -26.38   -35.49       -7.85   -26.23   -35.91       0.568
  -11.88   -13.15   -47.58      -11.99   -13.10   -47.17       0.429
  -38.83   -10.41   -42.19      -39.44    -9.38   -40.52       2.054
   20.05    -8.57     7.54       20.43    -8.18     9.68       2.210
   -0.04    -6.42    49.98        1.13    -6.74    48.25       2.106
  -18.94   -10.92   -49.69      -19.20   -12.71   -49.11       1.892
   21.42    -7.11    11.62       21.50    -7.38    11.70       0.287
  -22.99   -13.01   -49.33      -23.96   -12.98   -48.59       1.221
   -6.55   -18.13   -42.26       -6.90   -19.62   -42.06       1.543
   -4.70   -15.63    -4.76       -5.66   -17.70    -7.49       3.560
  -34.01   -21.72   -12.03      -33.10   -25.45   -15.04       4.869
   34.98    -4.30   -16.00       35.25    -4.60   -16.31       0.509
   12.00    17.96   -29.77       13.16    18.99   -30.63       1.770
   -7.25     8.13    44.87       -6.96     8.10    44.84       0.292
   -3.84    -8.18    24.12       -3.80    -8.11    24.10       0.083
   21.72    12.05    47.32       21.84    13.23    47.01       1.217
   -7.50     1.60    32.95       -7.12     0.72    32.89       0.961
  -34.08     8.26   -25.85      -33.87     7.95   -25.86       0.371
   -4.70     4.37   -26.68       -5.23     4.77   -26.66       0.668
   -6.64     0.37    39.62       -6.31     0.46    39.61       0.349
   13.40     8.20   -17.03       13.93     8.01   -16.69       0.658
  -36.52   -17.49   -11.33      -37.62   -16.70   -11.98       1.501
  -34.64   -13.07   -46.44      -34.29   -12.92   -45.88       0.680
   18.95    25.59   -20.48       17.08    25.27   -20.58       1.892
  -42.32   -18.51   -28.77      -41.05   -20.10   -29.18       2.074
  -32.92     7.82   -20.40      -32.62     7.38   -19.29       1.236
   -8.08    -4.83    21.35       -7.79    -4.42    22.33       1.100
   -5.38    24.54    27.80       -5.28    24.85    27.23       0.654
   -2.23    -6.35    35.27       -2.68    -6.45    34.50       0.895
   18.80   -15.78    -4.98       18.09   -17.07    -5.40       1.533
   17.48    24.94   -24.49       17.12    25.30   -21.34       3.190
  -38.55   -15.23   -41.55      -38.90   -14.48   -40.21       1.574
    8.94    23.17    -6.63        8.46    22.52    -5.48       1.404
   28.69    10.83    19.19       29.45     9.68    20.01       1.610
   27.22    -0.12    21.70       28.68    -1.17    19.18       3.093
   13.50    -7.28    18.45       13.52    -7.41    18.46       0.128
   20.13   -12.18    -0.84       20.49   -12.68    -0.94       0.624
   -1.23   -11.31   -34.99       -0.63   -12.33   -34.46       1.298
    7.77    25.72     6.67        4.87    24.57     9.85       4.460
   -0.77     0.01   -25.85       -3.01    -0.52   -28.87       3.794
   15.96    26.80    -6.00       15.99    26.63    -5.96       0.178
    6.86     7.05    62.52        6.93     7.02    63.12       0.610
   -8.11    24.15    30.29       -6.28    24.45    30.35       1.860
   38.38     0.93     0.29       38.78     0.99     1.41       1.191
   19.71    13.39    59.32       18.91    15.44    58.15       2.493
  -10.95   -17.34   -45.44      -10.83   -16.49   -45.59       0.877
   22.83    10.32    43.91       23.35     9.93    43.93       0.650
   16.63    18.92    47.85       15.29    21.34    45.96       3.346
   18.75    -3.36   -24.08       20.85    -1.98   -24.26       2.516
   -6.37    -8.35   -43.79       -6.45    -8.36   -43.72       0.103
   38.60     0.77    -5.62       38.93     0.54    -5.57       0.400
   -8.53    19.48    37.84       -6.56    19.96    39.09       2.379
   19.63    26.16     2.36       16.72    27.00     2.53       3.034
   -7.60     1.78    32.14       -7.21     0.74    32.07       1.112
    1.80   -17.93   -22.54        0.90   -19.84   -22.57       2.108
   -7.13   -18.71    -9.24       -6.89   -19.14    -9.02       0.542
  -12.13    10.11    14.91      -11.45     9.00    14.89       1.299
  -32.25     6.85   -36.17      -31.87     6.82   -35.20       1.040
   22.12    -3.40    27.50       21.99    -4.32    25.46       2.236
   16.22     8.05    62.60       16.21     8.05    63.18       0.576
   11.45   -14.90     0.25        9.46   -14.52     1.19       2.239
  -28.51     6.86   -39.30      -28.38     6.40   -38.97       0.577
  -10.92   -28.28   -35.31      -10.81   -28.36   -35.21       0.171
  -12.66     5.82    -5.88      -12.89     5.33    -5.32       0.777
   -8.75   -22.56   -12.74       -9.24   -23.31   -12.19       1.054
  -24.42     0.21   -47.23      -24.19    -0.13   -46.70       0.661
  -14.37   -30.96   -31.27      -12.42   -30.44   -31.57       2.042
  -37.98    -9.63   -10.68      -38.26    -8.91   -11.01       0.837
   -9.93     7.63   -33.87      -10.13     7.95   -33.42       0.584
   28.58    -5.36   -26.22       27.55    -1.36   -28.73       4.828
   34.20    15.53   -13.62       34.54    15.46   -13.61       0.346
   18.25    13.16   -31.30       20.21    13.59   -31.30       2.001
   -6.89     8.96    55.87       -6.57     8.71    55.34       0.675
  -14.06   -30.89   -31.00      -12.36   -30.49   -31.26       1.766
   -5.67    22.13    15.55       -5.56    21.79    15.79       0.428
   21.41     9.73    54.96       22.02     9.55    53.81       1.310
   33.40    16.40     6.20       34.30    16.36     5.88       0.953
   11.43    -8.15    15.70       12.98    -7.62    17.35       2.324
  -42.36    -7.98   -32.15      -41.89    -7.80   -31.85       0.593
   21.84   -13.15    -3.82       21.62   -13.19    -2.76       1.086
   20.73     4.84    59.05       21.50     6.83    59.36       2.152
    7.39    -3.03   -23.11        7.28    -5.26   -22.86       2.242
   -7.77   -23.30   -39.30       -7.48   -22.99   -39.45       0.449
   -8.15   -20.24   -10.46       -7.74   -19.86    -9.50       1.109
