200 "PA4-D-OurOutput-Octree.txt"
   33.87     2.62    12.42       34.38     5.29    12.81       2.744
   -8.58   -28.45   -31.43      -10.10   -29.08   -31.85       1.701
   -9.44   -28.10   -19.16       -9.55   -28.07   -19.02       0.188
  -13.73   -19.88   -46.05      -16.77   -20.13   -46.39       3.064
  -21.30    -6.44   -49.04      -20.03    -6.47   -48.77       1.297
    9.59     0.08    62.92        8.92     0.12    63.27       0.758
  -37.80   -26.03   -27.06      -36.53   -26.46   -26.42       1.486
   -1.08    17.61     5.20       -0.78    17.26     5.46       0.530
   21.67     8.52    45.65       23.25     8.63    45.82       1.595
   11.35    25.83    10.59       10.68    25.02    14.02       3.586
   33.08    -5.20    -3.12       32.41    -6.92    -1.64       2.364
   -6.05   -22.56   -38.69       -6.25   -22.40   -38.52       0.311
   21.10    25.41    -3.17       16.31    27.12    -3.46       5.088
  -10.36    12.14    11.60      -10.43    12.77    14.45       2.919
    2.80    23.18    23.62        5.47    23.47    23.98       2.709
   -3.48   -20.64   -13.20       -1.53   -20.13   -13.98       2.164
   24.78    -2.47    23.23       23.90    -3.80    23.40       1.604
  -33.07   -25.66   -39.57      -32.60   -25.04   -39.10       0.904
  -33.95   -21.95   -42.36      -33.44   -21.47   -41.73       0.938
   25.17    -4.79    16.82       24.16    -5.38    17.03       1.190
    5.71    13.34    62.84        3.06    15.67    63.20       3.551
    1.88   -10.97   -26.63        2.05   -12.55   -26.56       1.592
    6.60    23.48    22.07        6.58    23.77    22.11       0.287
  -14.34   -30.06   -18.87      -12.74   -29.65   -19.20       1.681
   -9.26    10.24    38.31       -7.73     9.45    38.21       1.732
   -0.07   -11.11    13.94       -0.11   -10.64    14.84       1.018
   29.40    20.47    -0.30       29.86    21.11    -0.71       0.892
  -31.94   -30.24   -30.43      -31.56   -29.68   -30.37       0.684
   -8.55     4.82    47.82       -6.95     6.15    46.51       2.452
   31.40     0.80   -25.59       31.77     0.78   -25.84       0.449
   17.35    20.29    35.68       18.17    21.16    34.48       1.690
  -15.24    18.77    18.48      -14.54    16.55    18.31       2.340
  -32.63     8.45   -25.64      -32.72     8.62   -25.63       0.190
  -39.81     2.39   -25.98      -39.44     2.76   -26.10       0.539
   28.06    -9.17     2.30       28.08    -9.15     2.52       0.217
  -27.28   -32.52   -23.38      -26.56   -32.40   -23.49       0.746
  -40.77   -15.58   -16.03      -40.62   -15.55   -16.10       0.173
   33.40     0.69   -22.68       35.00     0.97   -21.22       2.188
    8.68     1.36    62.91        8.71     1.38    63.19       0.286
   11.31    25.62    -5.39       11.02    25.49    -4.97       0.525
  -21.09   -26.66   -11.04      -24.05   -27.22   -11.95       3.153
   24.80    20.32   -23.78       26.81    19.02   -23.99       2.406
  -37.53   -12.32   -43.93      -35.70   -12.39   -45.15       2.196
    8.46    -6.75    37.20        4.73    -7.08    37.58       3.756
   31.49     9.90   -25.24       32.18     8.83   -25.93       1.448
  -10.96   -15.66   -46.68      -11.21   -15.47   -46.26       0.521
  -38.18     0.36   -37.68      -38.37    -0.15   -37.11       0.789
   -2.76     2.46   -25.45       -4.96     5.06   -25.60       3.413
   13.71    21.05   -29.51       13.72    21.01   -29.45       0.075
   36.81    -1.46    -4.46       37.07    -1.71    -4.43       0.368
   20.13    18.63    29.91       22.26    17.71    31.11       2.612
    2.99    -7.34    39.23        3.01    -6.96    39.23       0.376
   19.78   -13.85   -18.25       19.27   -12.15   -19.44       2.141
  -31.26     5.73   -38.30      -31.51     5.64   -38.12       0.319
   14.42    -5.08    49.18       14.44    -5.57    47.55       1.705
  -22.00   -28.30   -13.09      -24.05   -27.22   -11.95       2.590
  -41.46   -15.24   -17.27      -41.27   -15.20   -17.36       0.217
  -33.01   -25.27   -14.36      -33.10   -25.45   -15.04       0.702
   33.09    -5.67     5.55       32.89    -6.43     6.03       0.913
   34.88     4.08    11.27       35.19     5.51    11.89       1.590
  -28.57     9.99   -22.57      -30.96     9.67   -23.05       2.458
  -16.69     7.24   -15.92      -16.90     8.27   -16.26       1.106
  -14.94   -30.03   -36.70      -16.60   -29.39   -37.52       1.955
   -6.55     3.03    62.62       -5.84     2.30    62.48       1.028
    6.33    -7.04    44.80        4.80    -7.03    44.75       1.533
  -31.15     9.37   -26.06      -31.23     9.50   -26.06       0.164
  -14.05     1.59     8.93      -12.77     1.70    10.24       1.830
  -25.75   -29.73   -15.77      -25.73   -29.58   -15.98       0.259
   -0.84   -10.52   -31.98       -0.43   -11.34   -32.80       1.231
    2.92    -7.67    57.38        2.51    -7.20    54.94       2.516
  -10.30     6.90    -9.19      -11.97     6.41    -8.98       1.756
   31.32    14.85   -21.07       31.99    15.39   -20.87       0.883
   14.51    26.83    -1.80       14.51    27.09    -2.38       0.638
   14.23    23.19   -24.61       13.60    21.74   -29.01       4.680
   -2.16    16.76     5.64       -0.86    16.95     5.14       1.400
   23.39    -4.44    20.64       23.73    -4.29    21.82       1.239
   -8.29     8.74    57.38       -6.75     7.84    55.62       2.498
   14.88    25.43    -9.86       12.01    23.99    -9.96       3.213
   -4.94    -0.92   -35.22       -4.46    -0.70   -35.19       0.533
   -2.22    17.49    50.76       -1.19    17.31    51.51       1.285
   35.03    -3.06    -3.01       36.17    -2.41    -2.40       1.448
   20.61    21.74    17.90       20.98    22.46    18.04       0.816
   -9.37   -21.75   -43.26       -7.87   -21.22   -41.63       2.273
   22.13    -5.49    19.37       22.07    -5.64    19.15       0.275
   24.90    10.31   -30.26       24.55    11.93   -31.02       1.821
   12.82   -17.22   -10.03       13.52   -16.89    -9.81       0.807
   18.87    25.00   -22.81       17.12    25.30   -21.34       2.303
  -24.72   -32.99   -23.83      -24.68   -32.61   -23.84       0.381
   14.11    12.07   -17.78       14.74    12.56   -17.68       0.811
   -6.51    17.15    11.11       -6.24    20.80    14.71       5.140
    6.01    -6.01    63.15        5.06    -7.54    62.46       1.928
   -0.13    14.71    -0.28       -0.92    16.31     4.33       4.944
   -0.75   -12.71   -34.24       -0.47   -12.58   -34.34       0.322
  -31.94   -11.83   -47.52      -29.94   -12.56   -47.20       2.151
  -10.79    -1.88    17.51       -8.53    -4.86    18.28       3.814
  -13.44   -13.30   -48.29      -13.67   -13.23   -47.89       0.468
    5.62    23.44    21.98        5.70    23.73    22.03       0.312
   14.80    18.51    52.98       14.94    20.07    52.76       1.584
   13.00    21.40    42.87       13.27    22.20    43.91       1.339
  -10.05     7.04    30.72       -8.54     7.23    31.37       1.653
   19.11    25.31   -14.00       23.01    24.94   -13.63       3.934
   36.23     7.62   -12.89       36.91     7.78   -13.16       0.749
   -5.29    23.13    17.33       -5.24    22.99    17.41       0.164
    6.05    20.05    54.85        6.14    19.78    54.81       0.283
  -36.98   -10.33   -44.49      -36.39    -9.16   -43.78       1.491
  -14.73   -11.03    -0.45      -13.48    -9.80     1.48       2.604
    3.63    -7.97    26.65        3.66    -8.11    25.79       0.871
  -16.35   -32.31   -30.93      -16.73   -31.92   -31.10       0.565
   -7.82   -11.78     3.45       -7.70   -11.42     3.29       0.418
    2.64    -8.61    24.29        2.96    -8.39    25.01       0.823
   15.91    13.69    62.56       15.89    13.69    63.17       0.615
  -23.93    -1.37   -47.85      -23.96    -1.55   -47.44       0.446
   24.84    23.38   -15.83       24.44    24.23   -13.19       2.810
   36.32     5.55   -14.49       37.14     5.54   -13.97       0.965
   -0.91   -20.92   -27.58       -1.02   -21.08   -29.22       1.654
   27.55    -8.83     3.90       27.57    -8.90     3.92       0.073
   -4.92   -10.25    13.09       -5.79    -8.79    14.96       2.522
   20.96     9.74    49.12       22.32     9.93    50.59       2.021
   -3.22   -23.34   -19.99       -5.09   -24.63   -18.67       2.623
   -6.47    -1.66    62.51       -5.65    -1.47    62.04       0.960
  -39.65     2.25   -30.39      -39.49     2.14   -30.34       0.194
   19.95     8.40    56.88       21.61     8.55    57.68       1.853
  -28.14     4.36   -41.76      -27.15     5.35   -40.88       1.650
   18.34    -1.74    48.35       20.07    -1.18    50.75       3.015
   13.48    21.52    36.48       13.53    22.10    36.74       0.639
   -9.95     7.65    32.45       -8.62     7.89    32.39       1.353
   -6.25   -25.23   -35.36       -6.51   -24.95   -35.87       0.639
   -5.78    15.44     8.83       -0.73    17.47     5.68       6.291
  -40.73    -7.42   -15.19      -40.90    -7.39   -15.16       0.175
  -19.45   -23.11    -9.18      -19.38   -23.33    -8.85       0.406
   -5.88    13.64    56.71       -4.56    13.37    57.05       1.379
   14.94   -17.71    -6.48       14.82   -17.34    -5.99       0.625
    2.78    21.08     2.91        3.40    20.73     3.15       0.761
   -8.31   -27.06   -18.67       -8.09   -27.19   -18.52       0.295
   -8.40     2.95    51.00       -6.61     1.85    51.41       2.145
   32.75    12.93   -20.32       32.87    14.11   -20.35       1.183
  -34.62   -26.93   -18.47      -32.68   -27.24   -16.70       2.645
  -35.61   -21.91   -13.23      -37.66   -20.84   -15.36       3.134
  -25.67   -12.56    -6.86      -25.68   -12.39    -6.25       0.638
  -13.73    19.47    34.49      -14.10    16.52    34.36       2.974
   17.19    23.68    15.09       17.10    23.89    17.61       2.531
  -18.93   -13.03   -49.69      -19.08   -12.99   -49.06       0.648
    1.16    22.97    27.64        0.99    23.49    28.22       0.795
   11.92    12.06    62.91       13.20    13.57    63.07       1.990
   -9.46     1.70    27.14       -7.41     0.78    30.27       3.856
   33.98     5.84   -21.58       35.15     5.79   -20.75       1.441
  -28.81    -6.74    -9.08      -30.99    -6.37    -8.31       2.343
  -24.99   -29.22   -14.89      -25.21   -29.62   -15.95       1.157
  -10.21    -0.67    22.01       -8.70    -2.67    21.86       2.517
   18.42    20.23    29.72       17.94    21.91    30.42       1.884
    7.07    21.50    34.68        4.89    21.60    34.55       2.187
    2.03   -12.20     9.48        2.26   -11.70    10.03       0.780
  -40.14   -16.72   -34.95      -39.71   -16.23   -36.35       1.547
   23.07    24.23   -11.09       23.50    24.71   -11.13       0.654
   28.05    -3.17    15.97       28.73    -2.34    17.89       2.200
  -18.77   -32.94   -30.38      -18.93   -32.39   -30.95       0.810
    9.61   -13.67     3.94        9.46   -13.48     3.86       0.259
   -9.01    18.57    38.63       -9.63    17.30    38.57       1.409
    0.66    20.16     5.70        1.18    19.62     5.55       0.766
  -20.97   -18.71   -48.31      -20.34   -20.01   -47.19       1.829
   22.49    -7.88     8.84       22.53    -7.71     9.36       0.548
   15.34     1.58    62.82       15.34     1.58    62.98       0.163
   31.82    15.16   -19.13       32.41    15.50   -19.32       0.702
   -7.40    -0.80   -40.75       -7.30    -0.72   -40.83       0.145
    6.48     4.04    62.77        6.54     2.89    63.32       1.274
  -13.30     6.78   -13.47      -13.68     6.57   -12.10       1.432
  -12.20   -30.95   -29.81      -12.28   -30.55   -30.85       1.124
   28.31    12.56    17.52       29.19    12.80    18.03       1.038
   21.39    -4.33    25.01       21.56    -4.64    25.07       0.352
  -38.29   -12.50   -42.81      -38.55   -12.54   -41.22       1.612
   -8.72     5.16    50.00       -7.11     6.25    52.57       3.225
  -32.40     7.12   -19.44      -32.60     7.39   -19.29       0.371
   -8.73     6.25    53.53       -7.12     6.19    53.54       1.618
  -19.70    -4.89    -2.47      -19.60    -4.91    -2.53       0.121
    1.05     2.21   -22.70       -0.84     6.99   -19.39       6.116
  -29.61     6.89   -37.59      -29.16     6.74   -38.22       0.790
   -2.16    -6.40    44.08       -2.60    -5.48    43.95       1.022
  -16.41    13.25    30.14      -16.12    14.23    29.55       1.176
  -14.19    21.78    30.63      -15.68    16.80    31.65       5.305
   18.66    16.23   -31.14       19.64    16.19   -31.22       0.994
   -6.10    20.15    38.20       -5.88    20.29    38.58       0.459
   11.54    17.68   -18.23       13.17    16.09   -18.43       2.289
  -41.09     0.17   -30.51      -40.94     0.06   -30.45       0.194
  -15.45   -32.21   -29.57      -16.73   -31.92   -31.10       2.015
   11.14    -6.77   -22.09        7.83    -5.26   -22.66       3.683
   18.57    24.80   -23.66       17.12    25.30   -21.34       2.784
   -5.49     2.68   -28.96       -4.39     1.45   -29.29       1.683
    1.02     0.60   -24.13       -3.01    -0.52   -28.87       6.314
   -2.11    19.32     8.57       -0.27    19.87     8.23       1.959
   -4.60    -5.48    41.85       -3.60    -4.74    41.97       1.249
  -22.97   -32.86   -23.28      -23.50   -32.74   -23.96       0.870
    4.59    15.45    62.86        3.62    16.31    63.20       1.335
    7.58   -16.43    -5.70        7.58   -15.79    -4.60       1.273
  -38.65    -8.89   -11.67      -38.72    -8.85   -11.62       0.090
   18.47    14.66    51.33       19.75    15.49    51.55       1.549
  -10.44     6.81    -8.84      -11.91     6.35    -8.66       1.554
    1.23   -18.28   -10.52        1.80   -18.06   -10.49       0.606
   24.35    13.98   -28.79       23.94    14.23   -29.25       0.667
   -2.49    10.57    62.89       -3.52    14.13    61.55       3.934
   19.00    -1.53   -23.73       20.61    -1.15   -24.36       1.769
