200 "PA4-F-OurOutput-Octree.txt"
   16.02    -5.41    34.57       16.11    -5.54    33.90       0.692
  -16.01    -0.80     1.11      -15.99    -3.57     2.83       3.256
   20.95   -12.08    -0.52       21.11   -12.25    -0.86       0.415
  -25.75   -22.74    -8.16      -26.65   -21.25    -7.09       2.046
    4.80    -4.42    62.78        4.05    -7.27    62.79       2.941
   35.77     4.44   -20.76       35.21     5.80   -20.59       1.475
  -40.55   -21.70   -22.75      -40.66   -20.85   -23.48       1.123
   -6.43     9.28    -2.59       -6.28     9.33    -2.94       0.381
  -29.27   -29.64   -35.32      -29.19   -29.43   -35.23       0.239
    7.97    12.50   -10.58        8.58    12.52    -9.91       0.897
   15.66    24.81    12.85       15.35    24.15    17.53       4.730
    0.69    -6.36   -27.79       -2.95    -3.16   -30.93       5.782
   13.97    23.99    19.38       13.97    24.01    19.38       0.016
   10.28    22.60    -7.94       10.12    22.73    -8.01       0.216
  -25.55    11.40   -23.13      -24.24    11.85   -24.60       2.020
   24.88    12.10    40.80       23.02    12.91    40.49       2.054
   22.88    25.22    -0.83       27.16    23.34    -1.22       4.696
   -4.08     0.42    56.62       -5.89    -0.20    55.60       2.163
  -40.78     1.46   -24.26      -39.69     2.33   -23.38       1.650
  -19.70   -30.52   -16.60      -19.84   -31.70   -17.66       1.592
   34.18    15.93    -3.37       34.36    15.82    -3.34       0.219
   15.86    25.61     9.61       15.35    26.72     6.24       3.585
   -8.46    18.39    37.19       -9.63    17.30    38.57       2.105
    7.15    20.52    -4.72        6.89    20.62    -4.87       0.316
  -17.10     4.88   -42.65      -16.96     5.21   -42.34       0.470
   12.98    24.17    19.36       13.26    24.16    19.34       0.278
   31.82    -7.42     5.37       31.71    -7.24     5.36       0.215
  -11.89    11.55    19.49      -12.50    12.26    17.49       2.209
  -35.87     3.34   -36.86      -33.65     5.03   -36.92       2.790
   23.73   -10.67    -0.06       22.22   -11.50    -0.71       1.842
   18.95    19.00   -30.43       18.71    18.79   -30.00       0.534
  -18.81     6.21   -41.43      -18.78     6.09   -41.33       0.155
  -19.61    -6.29   -48.54      -19.58    -6.29   -48.63       0.093
   12.03    25.25    -6.08       12.76    25.97    -6.25       1.038
   14.69    -5.13    52.48       14.69    -5.13    52.48       0.003
  -28.02   -30.37   -17.66      -27.75   -30.02   -17.86       0.488
  -12.37   -30.29   -30.32      -12.22   -30.52   -30.85       0.599
    0.21    16.56    60.79        0.18    17.11    60.60       0.584
   -3.88    14.56     6.98       -1.01    16.39     4.54       4.193
  -38.67   -22.61   -34.24      -39.21   -21.77   -32.55       1.960
  -22.59    10.49   -35.03      -23.26    10.17   -36.06       1.272
    8.01   -15.28    -2.62        8.01   -15.29    -2.62       0.010
  -33.60   -22.95   -40.98      -33.41   -22.77   -40.75       0.344
   20.49   -11.09     1.43       20.49   -11.10     1.78       0.359
   -4.26    -2.72    36.28       -4.90    -4.00    37.37       1.800
   22.63    -2.79    32.75       22.25    -2.75    32.60       0.410
   26.69    -4.86   -28.02       23.77    -4.87   -26.12       3.482
  -26.54    -8.24    -6.79      -26.37   -10.04    -6.54       1.835
   40.82     2.83    -6.33       40.57     2.80    -5.58       0.794
   28.76    21.44    -7.74       28.95    21.86    -8.32       0.735
    3.97    21.67    35.84        4.55    21.55    34.93       1.085
   13.32     5.31    61.82       13.30     6.40    62.95       1.569
   29.46     3.16    20.97       29.97     5.93    19.72       3.078
   14.48    12.02    61.90       14.38    13.61    63.12       2.005
   17.46   -10.82   -21.69       17.82   -10.15   -20.71       1.242
  -43.32   -15.93   -23.27      -42.86   -15.81   -23.32       0.479
    3.64    22.04     5.77        3.38    21.89     5.04       0.782
  -21.49   -11.75   -49.64      -20.40   -12.62   -49.39       1.426
   30.95    -4.20   -26.81       31.49    -0.77   -26.15       3.540
  -36.23     2.83   -37.36      -33.65     5.03   -36.92       3.419
  -11.86   -15.34    -4.35      -11.85   -15.53    -4.23       0.224
   23.77    -1.07    33.39       23.85    -1.03    32.56       0.836
   -0.95   -15.28   -34.28       -0.40   -12.74   -34.33       2.599
  -14.98    10.71   -30.58      -16.64    11.46   -31.45       2.018
   -3.92   -18.00    -8.51       -5.56   -18.17    -8.58       1.651
   20.66    23.63    13.36       20.62    23.84    12.76       0.633
  -40.08   -15.98   -14.40      -40.15   -16.08   -15.30       0.914
   -4.25    -9.49   -40.87       -3.71    -9.54   -40.95       0.555
   -5.12   -10.19     6.87       -5.77   -11.26     5.09       2.176
  -10.60    -7.14     6.24      -12.41    -6.07     6.49       2.113
   -7.27    18.03    13.12       -6.24    20.80    14.71       3.360
   20.65    25.46     5.49       20.52    24.71     8.99       3.580
  -43.52   -16.38   -25.23      -42.99   -16.23   -25.29       0.550
  -25.67   -26.41   -11.14      -25.67   -26.39   -11.16       0.026
   -5.69   -25.64   -20.50       -5.52   -25.86   -20.39       0.300
  -42.64    -6.84   -17.77      -42.36    -6.84   -17.99       0.350
   18.40    25.21   -13.04       23.01    24.94   -13.63       4.654
   -6.41   -25.17   -34.70       -6.38   -25.45   -34.20       0.574
   13.12    23.33   -12.78       12.25    23.05   -12.76       0.920
  -11.06     8.08   -17.48       -8.75     8.36   -17.90       2.363
   15.39     8.20    61.78       15.36     8.19    63.16       1.378
   10.10    19.77   -11.05       10.15    19.75   -11.03       0.059
  -30.42   -19.46    -7.62      -28.92   -19.58    -7.21       1.560
   13.72    -5.35    60.14       13.73    -5.36    60.14       0.013
   31.83     4.16   -27.64       31.31     5.93   -27.39       1.862
   -6.47    25.58    24.91       -6.19    25.03    24.90       0.615
    8.66    25.35    12.50        9.24    25.24    14.10       1.711
   22.69    -2.10    36.12       22.76    -0.79    36.67       1.421
   -3.52   -21.24   -15.16       -1.49   -20.46   -15.30       2.187
   24.25    -7.04   -26.77       23.53    -6.41   -25.49       1.601
    3.69    19.38    56.10        5.60    19.58    55.00       2.213
    4.46    -8.58    21.14        5.02    -8.17    24.01       2.955
   24.31    -9.54   -25.37       23.18    -8.66   -24.56       1.643
    7.10   -16.27    -6.00        7.07   -15.70    -4.65       1.470
   11.89    19.27   -23.02       13.03    16.06   -19.38       4.989
   36.90    -2.36     7.52       36.40    -3.26     6.35       1.567
  -40.53    -6.58   -14.18      -40.84    -6.83   -15.31       1.197
   22.33   -15.65    -7.73       22.38   -15.69    -7.90       0.182
   -8.57    -4.31    14.10       -8.58    -6.37    14.11       2.055
    2.73   -18.08   -18.94        2.58   -17.86   -18.91       0.268
   -4.56    15.70     9.01       -0.64    17.82     6.05       5.345
   35.88    14.03   -11.57       35.63    13.93   -11.51       0.278
    2.57   -16.27   -23.77        2.81   -15.09   -24.71       1.534
   -9.53   -25.31   -14.85       -9.40   -25.66   -15.15       0.483
   -8.69   -26.59   -17.93       -8.08   -26.73   -17.90       0.635
   38.97    10.02    -2.03       37.62    12.53    -2.38       2.870
   -2.20    24.39    18.75       -2.32    23.81    18.91       0.614
   11.19    22.83    30.49       13.30    22.60    30.54       2.119
   -2.88    14.39    56.40       -3.91    14.31    56.51       1.041
   17.26   -17.38   -13.19       19.88   -16.04   -15.79       3.927
   -5.46    -3.91    26.90       -6.15    -4.62    26.83       0.990
  -34.26     5.55   -17.51      -34.10     5.64   -17.41       0.210
   10.09    26.08     4.81       12.79    27.17     4.89       2.908
   26.13    14.16    26.15       25.66    13.91    25.99       0.551
   -0.86   -11.87   -31.96       -0.36   -11.52   -32.83       1.066
   26.28    -5.47    13.95       27.42    -5.20    13.93       1.178
    8.38   -15.02    -1.08        8.34   -15.13    -1.06       0.124
    9.19    -6.40    61.75        9.36    -7.16    61.71       0.787
   -3.32    13.17    53.68       -4.40    13.84    53.74       1.265
  -15.74   -11.19   -48.56      -16.16   -12.92   -48.39       1.788
   -5.79     5.09    35.57       -7.23     4.95    34.60       1.744
  -31.24     9.69   -25.48      -31.15     9.55   -25.48       0.159
  -10.25    22.50    18.16      -10.13    22.29    18.35       0.308
   13.59    20.98   -30.20       13.68    20.65   -29.67       0.627
    1.46    16.07     0.95        0.65    17.52     4.18       3.633
   13.93   -17.80    -6.63       13.82   -17.43    -6.18       0.593
   17.59    17.03    61.29       17.30    16.84    61.23       0.354
   -9.41    12.65    13.11      -10.43    12.77    14.45       1.689
   36.72    12.72     6.20       37.16    13.04     6.07       0.564
  -38.07    -1.02   -39.32      -38.49    -1.34   -38.20       1.235
  -40.87    -7.53   -37.48      -40.24    -7.55   -37.32       0.653
   31.77    -1.21   -26.66       31.49    -0.77   -26.15       0.730
  -14.94     1.03     2.72      -15.99    -3.57     2.83       4.722
  -12.55    -5.63     5.43      -13.03    -5.80     5.78       0.617
   -1.84   -15.68   -36.47       -2.73   -14.72   -39.11       2.949
   -0.71    21.66    37.62       -2.99    21.35    37.24       2.322
   19.29    20.93    38.71       17.88    21.03    38.44       1.439
  -27.98    -4.89   -47.88      -27.89    -4.98   -47.73       0.198
    0.33    -5.96    34.86        0.62    -6.99    36.01       1.574
  -10.57   -28.43   -34.27      -10.47   -28.63   -34.37       0.245
   -3.21   -20.50   -13.55       -1.53   -20.13   -13.98       1.784
    4.70   -17.51   -13.51        3.76   -17.66   -12.95       1.108
   -6.55     2.98    29.96       -7.41     0.78    30.27       2.386
   33.07     6.40   -25.55       32.56     6.43   -25.25       0.588
    3.31    -6.20    44.08        3.35    -6.90    44.37       0.749
   30.15    13.02    15.93       30.24    13.04    15.96       0.096
  -17.40     3.04    -8.20      -17.23     5.33   -12.47       4.844
   -5.81     9.57    41.18       -7.34     9.28    40.33       1.775
   -2.44     5.10   -22.86       -3.82     6.57   -21.40       2.489
    7.59    20.06    -6.67        7.49    20.07    -6.20       0.479
   -2.84    -1.94    53.46       -3.36    -4.22    54.40       2.517
   -5.74   -19.11   -40.15       -5.61   -19.80   -40.33       0.729
   19.21    25.36   -12.61       23.05    24.92   -13.42       3.950
   31.41     5.90   -28.26       31.29     5.93   -27.43       0.844
   -6.66    24.00    32.63       -6.38    23.94    32.63       0.288
   -5.72    15.48    40.54       -4.83    19.59    40.53       4.209
  -37.09   -25.94   -30.72      -35.64   -26.55   -31.20       1.640
  -13.21   -31.19   -25.72      -16.48   -32.20   -25.64       3.423
   -5.01     9.01    -5.93       -4.87     9.57    -4.41       1.631
    2.00   -12.39   -26.67        1.99   -12.56   -26.63       0.181
  -12.45     7.86   -35.94      -12.80     8.62   -35.07       1.206
  -25.70   -32.37   -30.51      -25.64   -32.16   -30.45       0.228
   23.47     5.13    52.24       22.34     6.24    52.10       1.593
  -19.02    -5.25    -2.49      -19.17    -5.32    -2.22       0.313
   16.90    15.45    61.78       17.00    15.71    62.43       0.700
   30.13    -9.31    -0.94       31.21    -8.27    -1.06       1.512
   -5.11    12.10    44.13       -6.13    13.88    45.46       2.446
  -20.54   -32.80   -28.20      -19.97   -32.79   -27.56       0.853
  -29.37   -25.52   -41.22      -30.30   -25.17   -40.89       1.046
  -15.70   -13.98   -48.63      -16.45   -13.69   -48.41       0.833
  -37.13   -18.24   -11.84      -37.62   -16.70   -11.98       1.620
   34.76    15.35     5.43       35.06    15.65     5.46       0.419
  -29.04   -23.94    -9.90      -28.05   -25.10   -10.63       1.691
   -8.71    25.04    28.66       -6.26    24.57    29.00       2.517
   -2.74    19.03    10.10       -0.29    20.50     9.13       3.023
  -39.84     2.86   -26.91      -39.49     2.61   -26.88       0.436
   18.54    -2.62    54.81       16.71    -3.98    53.63       2.564
   31.96    -8.03    -7.04       31.26    -8.70    -4.23       2.970
   20.11    16.95    57.51       18.81    15.56    58.19       2.029
  -43.47    -3.23   -26.32      -43.68    -5.15   -24.64       2.569
   -8.92   -12.32     0.32      -10.15   -11.66     1.80       2.038
   -4.01    -4.12    32.67       -4.36    -5.72    32.40       1.662
    0.01    -8.68    22.39       -2.65    -9.05    23.12       2.789
   -7.28   -27.74   -26.54       -5.83   -26.48   -30.51       4.414
   -6.79    -5.73    19.82       -7.24    -6.43    18.77       1.339
    7.97    20.60    50.55        9.03    21.11    52.03       1.890
  -33.17     3.05   -39.78      -32.19     5.28   -38.12       2.940
   32.82    -8.39   -14.26       32.86    -8.04   -15.15       0.956
  -22.46   -30.91   -16.59      -23.40   -30.16   -16.13       1.299
  -26.93   -31.82   -31.97      -26.68   -31.69   -31.92       0.290
   12.54    20.66   -16.43       11.75    21.83   -12.88       3.823
    2.11    -5.64   -26.28        5.82    -6.32   -23.60       4.627
   -1.66    -3.38    53.90       -2.94    -4.62    53.83       1.787
    9.03    -6.47    61.60        9.20    -7.19    61.56       0.746
   12.66    15.18   -28.57       13.35    15.62   -29.48       1.223
    7.41    -8.85   -23.68        6.15    -8.04   -23.79       1.495
  -13.80   -25.51   -41.53      -13.03   -25.37   -41.54       0.780
   -8.27   -11.98     1.28       -7.35   -12.06     1.96       1.140
  -27.42   -29.29   -36.94      -26.81   -29.32   -36.97       0.609
   -6.67   -19.47    -9.83       -6.88   -19.29    -9.34       0.573
