200 "PA4-D-OurOutput-KDTree.txt"
   34.05     2.35    12.40       34.47     2.36    12.80       0.578
   -8.61   -28.58   -31.33       -8.80   -28.30   -31.29       0.340
   -9.53   -28.09   -19.08       -9.53   -28.08   -19.08       0.009
  -13.56   -20.10   -46.08      -13.85   -19.71   -45.42       0.823
  -20.92    -6.59   -49.26      -20.70    -6.65   -48.57       0.724
    9.48     0.72    62.80        9.48     0.75    63.22       0.429
  -37.82   -25.69   -27.15      -37.48   -25.37   -27.11       0.472
   -0.63    17.77     4.83       -0.32    17.39     5.11       0.567
   21.77     8.79    45.50       23.25     8.89    45.65       1.496
   11.88    25.86    10.20       11.82    26.23    10.24       0.382
   33.23    -5.63    -3.05       33.32    -5.69    -3.05       0.106
   -5.96   -22.81   -38.65       -6.27   -22.57   -38.39       0.480
   21.70    25.15    -3.51       21.92    25.71    -3.56       0.608
  -10.03    12.49    11.24       -9.29    12.03    11.68       0.974
    3.23    23.47    23.21        3.24    23.65    23.23       0.177
   -3.49   -20.65   -13.16       -3.47   -20.69   -13.15       0.043
   24.83    -2.49    23.21       25.19    -2.87    23.39       0.551
  -33.01   -25.53   -39.64      -32.59   -24.97   -39.21       0.825
  -33.82   -21.84   -42.47      -33.34   -21.39   -41.88       0.891
   25.22    -4.89    16.83       25.27    -5.02    16.87       0.145
    5.79    14.03    62.55        5.78    14.01    63.10       0.556
    2.08   -11.21   -26.68        2.02   -11.21   -26.63       0.076
    7.04    23.71    21.68        7.03    23.85    21.69       0.137
  -14.46   -29.97   -18.80      -14.43   -30.05   -18.76       0.084
   -9.10    10.88    37.97       -8.54    11.13    37.59       0.720
   -0.09   -10.87    13.89       -0.08   -10.75    13.88       0.124
   29.91    20.12    -0.54       30.38    20.72    -0.55       0.758
  -32.00   -30.03   -30.44      -31.70   -29.58   -30.39       0.544
   -8.51     5.55    47.55       -6.99     5.82    47.67       1.548
   31.76     0.14   -25.60       31.85     0.14   -25.68       0.122
   17.67    20.52    35.37       17.99    21.20    35.41       0.757
  -14.85    19.28    18.02      -13.85    18.88    18.67       1.256
  -32.15     8.72   -26.08      -32.26     8.90   -26.07       0.209
  -39.42     2.75   -26.40      -39.42     2.75   -26.40       0.002
   28.12    -9.47     2.38       28.03    -9.26     2.30       0.246
  -27.41   -32.30   -23.34      -27.28   -32.03   -23.41       0.302
  -40.69   -15.09   -16.25      -40.76   -15.10   -16.22       0.079
   33.74     0.04   -22.68       33.93     0.04   -22.82       0.232
    8.58     2.01    62.77        8.63     2.04    63.15       0.389
   11.93    25.47    -5.78       11.84    25.64    -5.83       0.192
  -21.20   -26.39   -11.03      -21.21   -26.57   -10.89       0.228
   25.43    19.78   -24.04       25.61    19.95   -24.23       0.311
  -37.26   -12.18   -44.17      -36.76   -12.21   -43.78       0.632
    8.38    -6.38    37.15        8.41    -6.67    37.15       0.286
   31.98     9.25   -25.35       32.24     9.36   -25.53       0.339
  -10.72   -15.93   -46.74      -11.10   -15.66   -46.12       0.778
  -37.75     0.58   -38.06      -37.48     0.38   -37.88       0.379
   -2.38     2.30   -25.66       -2.29     2.37   -25.72       0.128
   14.39    20.60   -29.84       14.39    20.59   -29.83       0.016
   37.02    -1.95    -4.42       36.93    -1.86    -4.43       0.136
   20.45    18.75    29.64       21.01    19.37    29.93       0.888
    2.89    -6.86    39.15        2.88    -6.95    39.15       0.090
   19.89   -14.26   -18.17       19.91   -13.91   -17.80       0.506
  -30.76     5.84   -38.70      -30.73     5.78   -38.67       0.072
   14.30    -4.66    49.14       14.62    -5.40    49.18       0.801
  -22.12   -28.04   -13.07      -22.15   -28.20   -12.97       0.190
  -41.37   -14.74   -17.50      -41.43   -14.76   -17.47       0.074
  -33.09   -24.86   -14.44      -33.13   -24.93   -14.39       0.096
   33.19    -6.01     5.62       33.27    -6.11     5.62       0.124
   35.09     3.78    11.24       35.53     3.81    11.63       0.581
  -28.09    10.24   -23.01      -28.26    10.68   -22.89       0.489
  -16.28     7.38   -16.26      -16.30     8.04   -15.85       0.770
  -14.97   -30.14   -36.62      -15.13   -29.57   -36.34       0.652
   -6.62     3.89    62.37       -6.44     3.96    62.36       0.195
    6.21    -6.56    44.73        6.24    -6.89    44.73       0.335
  -30.65     9.61   -26.50      -30.77     9.79   -26.50       0.217
  -13.85     1.98     8.66      -13.42     1.94     8.50       0.469
  -25.88   -29.45   -15.76      -25.86   -29.38   -15.78       0.072
   -0.61   -10.77   -32.04       -0.44   -10.68   -32.13       0.218
    2.72    -7.00    57.30        2.70    -7.25    57.29       0.252
   -9.93     7.02    -9.49      -10.00     7.18    -9.48       0.171
   31.86    14.24   -21.23       32.09    14.41   -21.37       0.318
   15.13    26.68    -2.19       15.06    27.15    -2.15       0.480
   14.91    22.79   -24.96       14.61    23.05   -25.07       0.409
   -1.73    16.93     5.27       -1.26    16.60     5.47       0.610
   23.43    -4.47    20.64       23.55    -4.70    20.71       0.267
   -8.25     9.57    57.06       -6.53     9.04    57.08       1.796
   15.52    25.18   -10.23       15.40    25.56   -10.29       0.399
   -4.55    -1.16   -35.41       -4.31    -1.08   -35.40       0.260
   -2.02    18.16    50.38       -1.24    17.25    50.40       1.197
   35.21    -3.52    -2.97       35.14    -3.45    -2.97       0.093
   21.04    21.72    17.60       21.35    22.32    17.71       0.690
   -9.24   -22.01   -43.25       -9.59   -21.67   -42.79       0.658
   22.16    -5.51    19.38       22.18    -5.58    19.39       0.069
   25.42     9.69   -30.41       25.42     9.65   -30.24       0.180
   12.83   -17.43    -9.94       12.94   -16.76    -9.85       0.685
   19.56    24.55   -23.15       19.47    25.24   -23.28       0.708
  -24.86   -32.81   -23.77      -24.83   -32.59   -23.78       0.216
   14.59    11.75   -18.01       14.94    11.81   -17.94       0.359
   -6.10    17.44    10.71       -5.48    17.06    11.32       0.954
    5.81    -5.32    63.07        5.81    -5.32    63.42       0.348
    0.30    14.79    -0.61        0.51    14.52    -0.46       0.370
   -0.54   -12.99   -34.27       -0.40   -12.99   -34.33       0.151
  -31.64   -11.80   -47.73      -31.41   -11.85   -46.80       0.957
  -10.69    -1.45    17.30       -9.90    -1.30    17.12       0.824
  -13.16   -13.55   -48.38      -13.53   -13.45   -47.77       0.728
    6.06    23.68    21.58        6.06    23.81    21.60       0.135
   15.01    18.96    52.68       15.51    19.61    52.83       0.842
   13.30    21.76    42.53       13.18    22.19    42.53       0.452
   -9.89     7.60    30.41       -9.37     7.99    30.28       0.662
   19.76    24.95   -14.34       19.71    25.63   -14.36       0.677
   36.62     7.03   -12.95       37.08     7.14   -13.13       0.503
   -4.83    23.47    16.87       -4.68    23.02    17.16       0.561
    6.27    20.64    54.48        6.51    19.96    54.40       0.730
  -36.67   -10.20   -44.74      -36.22   -10.33   -44.21       0.711
  -14.67   -10.74    -0.58      -14.65   -10.71    -0.60       0.040
    3.59    -7.65    26.58        3.64    -7.91    26.65       0.277
  -16.44   -32.32   -30.83      -16.55   -31.92   -30.77       0.423
   -7.79   -11.55     3.36       -7.73   -11.41     3.28       0.172
    2.60    -8.30    24.22        2.64    -8.55    24.26       0.254
   16.00    14.23    62.31       15.96    14.23    63.17       0.858
  -23.48    -1.47   -48.13      -23.55    -1.76   -47.49       0.707
   25.47    22.93   -16.13       25.80    23.58   -16.13       0.726
   36.69     4.95   -14.52       36.94     4.97   -14.63       0.275
   -0.85   -21.13   -27.53       -0.85   -21.13   -27.53       0.001
   27.61    -9.10     3.97       27.53    -8.92     3.91       0.211
   -4.92    -9.95    13.00       -4.77    -9.60    12.94       0.383
   21.05    10.06    48.95       22.48    10.39    49.23       1.495
   -3.24   -23.43   -19.92       -3.25   -23.42   -19.93       0.015
   -6.61    -0.79    62.31       -5.68    -0.74    62.19       0.942
  -39.23     2.57   -30.80      -39.11     2.48   -30.76       0.157
   19.98     8.82    56.72       21.68     8.93    56.93       1.711
  -27.63     4.39   -42.13      -27.49     4.12   -41.85       0.411
   18.27    -1.39    48.29       19.06    -2.29    48.33       1.191
   13.82    21.81    36.14       13.87    22.06    36.15       0.263
   -9.79     8.23    32.13       -9.29     8.59    31.94       0.642
   -6.22   -25.45   -35.29       -6.49   -25.17   -35.19       0.398
   -5.39    15.70     8.46       -5.00    15.22     8.89       0.749
  -40.54    -6.92   -15.50      -40.86    -6.84   -15.36       0.365
  -19.52   -22.84    -9.21      -19.41   -23.15    -8.73       0.581
   -5.76    14.43    56.35       -4.34    13.74    56.45       1.576
   14.93   -17.91    -6.38       14.91   -17.43    -6.47       0.498
    3.28    21.15     2.52        3.69    20.93     2.69       0.500
   -8.39   -27.06   -18.60       -8.27   -27.29   -18.53       0.266
   -8.40     3.72    50.74       -6.83     3.97    50.67       1.598
   33.26    12.31   -20.46       33.69    12.45   -20.65       0.487
  -34.70   -26.55   -18.53      -34.64   -26.48   -18.57       0.095
  -35.64   -21.45   -13.36      -35.79   -21.61   -13.24       0.246
  -25.60   -12.18    -7.03      -25.66   -12.04    -6.34       0.708
  -13.41    20.12    34.03      -13.35    20.10    33.96       0.099
   17.67    23.67    14.74       17.83    24.22    14.86       0.586
  -18.64   -13.22   -49.82      -18.83   -13.16   -48.99       0.852
    1.57    23.34    27.21        1.59    23.52    27.23       0.185
   11.98    12.66    62.66       11.99    12.66    63.11       0.448
   -9.36     2.22    26.89       -8.48     2.43    26.64       0.939
   34.39     5.19   -21.63       34.59     5.20   -21.75       0.234
  -28.64    -6.34    -9.34      -28.66    -5.90    -8.51       0.943
  -25.12   -28.93   -14.87      -25.13   -29.11   -14.75       0.212
  -10.12    -0.19    21.78       -9.24    -0.03    21.61       0.909
   18.77    20.37    29.42       19.33    20.99    29.71       0.882
    7.42    21.86    34.31        7.42    21.84    34.30       0.025
    2.02   -12.04     9.45        2.08   -11.73     9.42       0.325
  -39.98   -16.44   -35.16      -39.75   -16.51   -35.16       0.238
   23.69    23.85   -11.40       24.00    24.47   -11.41       0.691
   28.13    -3.32    15.98       28.27    -3.51    16.06       0.249
  -18.87   -32.92   -30.29      -18.96   -32.50   -30.23       0.427
    9.60   -13.69     3.96        9.60   -13.47     3.87       0.237
   -8.73    19.20    38.20       -8.73    19.20    38.20       0.003
    1.14    20.29     5.31        1.50    19.96     5.53       0.536
  -20.77   -18.86   -48.39      -20.69   -18.62   -47.54       0.882
   22.54    -8.02     8.88       22.50    -7.86     8.83       0.176
   15.24     2.13    62.70       15.25     2.13    62.98       0.277
   32.35    14.57   -19.30       32.77    14.79   -19.42       0.486
   -6.98    -1.06   -40.95       -7.06    -1.11   -40.89       0.116
    6.42     4.72    62.58        6.49     4.75    63.22       0.644
  -12.91     6.90   -13.78      -13.05     7.24   -13.70       0.378
  -12.27   -31.02   -29.70      -12.37   -30.74   -29.67       0.294
   28.61    12.42    17.36       29.36    12.63    17.80       0.892
   21.41    -4.28    24.99       21.60    -4.62    25.07       0.387
  -38.03   -12.34   -43.05      -37.56   -12.37   -42.75       0.559
   -8.69     5.91    49.72       -7.17     5.87    49.81       1.525
  -31.97     7.46   -19.87      -32.23     7.81   -19.75       0.451
   -8.71     7.04    53.24       -7.01     6.68    53.23       1.734
  -19.54    -4.55    -2.70      -19.60    -4.54    -2.66       0.073
    1.42     2.03   -22.89        1.46     2.07   -22.94       0.077
  -29.09     6.99   -37.99      -29.07     6.92   -37.96       0.085
   -2.27    -5.80    43.96       -2.21    -5.61    43.93       0.199
  -16.15    13.90    29.73      -15.95    14.05    29.62       0.276
  -13.81    22.40    30.14      -13.55    22.22    30.05       0.328
   19.27    15.70   -31.39       19.28    15.69   -31.21       0.179
   -5.79    20.74    37.77       -5.79    20.81    37.82       0.090
   12.10    17.40   -18.53       12.42    17.52   -18.53       0.340
  -40.71     0.51   -30.90      -40.55     0.39   -30.84       0.204
  -15.55   -32.23   -29.47      -15.66   -31.87   -29.42       0.379
   11.37    -7.10   -22.12       11.41    -7.02   -21.75       0.387
   19.26    24.34   -24.01       19.38    24.66   -24.30       0.448
   -5.08     2.52   -29.19       -5.04     2.54   -29.21       0.051
    1.37     0.40   -24.31        1.34     0.39   -24.28       0.045
   -1.66    19.53     8.18       -1.20    19.16     8.61       0.728
   -4.69    -4.87    41.71       -3.92    -4.29    41.80       0.961
  -23.10   -32.70   -23.22      -23.11   -32.57   -23.25       0.138
    4.70    16.16    62.54        4.72    16.14    63.16       0.629
    7.58   -16.52    -5.65        7.68   -15.99    -5.74       0.548
  -38.50    -8.38   -11.96      -38.73    -8.33   -11.78       0.297
   18.62    15.03    51.09       19.66    15.71    51.27       1.249
  -10.08     6.95    -9.14      -10.14     7.10    -9.13       0.159
    1.24   -18.33   -10.49        1.21   -18.21   -10.52       0.126
   24.91    13.39   -28.98       24.99    13.53   -29.20       0.268
   -2.45    11.38    62.58       -2.52    11.46    62.88       0.318
   19.32    -1.99   -23.78       19.44    -2.00   -23.54       0.268
