200 "PA4-G-OurOutput-KDTree.txt"
    5.31   -11.15   -23.23        5.39   -11.18   -23.30       0.105
   -4.65    -6.42    27.33       -4.51    -6.31    27.25       0.186
   23.95   -14.75   -15.50       24.00   -14.82   -15.54       0.098
  -22.81     3.44   -44.34      -22.82     3.19   -43.99       0.429
   14.23    -0.26   -21.39       14.22    -0.20   -21.50       0.125
    3.50    -0.26   -23.10        3.48    -0.28   -23.06       0.047
  -19.31    12.32   -29.83      -19.35    12.06   -29.80       0.264
    7.42    -6.53    51.91        7.44    -7.09    51.85       0.563
  -41.22   -20.13   -25.85      -41.26   -20.15   -25.85       0.043
  -34.09   -23.77   -14.46      -34.24   -23.95   -14.32       0.276
  -12.54   -19.47   -45.14      -12.59   -19.42   -45.05       0.119
    4.60     2.22   -21.13        4.58     2.19   -21.10       0.038
   20.91     0.24   -25.36       20.88     0.23   -25.38       0.042
   -5.51     2.16   -31.14       -5.66     2.08   -31.08       0.186
   -9.08    24.35    31.94       -8.98    23.81    31.89       0.545
  -11.68   -29.82   -22.83      -11.56   -30.07   -22.77       0.281
  -17.54     1.42    -2.81      -17.27     1.19    -2.88       0.362
   31.69     6.24   -26.75       31.70     6.24   -26.76       0.002
   21.86    14.51    39.27       22.20    14.71    39.30       0.403
  -19.16   -31.89   -22.84      -19.12   -32.19   -22.80       0.307
   14.11   -16.13   -12.55       14.14   -16.06   -12.52       0.080
   36.28    12.09   -11.46       36.35    12.11   -11.47       0.076
   24.86    -2.20    24.23       25.12    -2.48    24.37       0.402
   25.75    15.00   -27.93       25.78    15.04   -28.02       0.103
   -6.63    18.01    42.22       -6.32    17.44    42.00       0.679
   23.76    12.20    34.56       24.19    12.34    34.66       0.468
  -40.57   -16.30   -16.69      -40.68   -16.34   -16.64       0.131
   20.77     0.75    46.01       21.57     0.40    46.19       0.886
    6.23    22.18    -1.28        6.36    22.11    -1.21       0.159
   11.46    20.34   -13.56       11.39    20.36   -13.59       0.076
   40.37     2.81    -4.07       40.35     2.83    -4.08       0.032
   -1.40   -16.86   -36.07       -1.40   -16.86   -36.07       0.004
   33.10     3.54   -23.88       33.18     3.54   -23.93       0.099
   20.20    -7.06   -23.70       20.20    -7.09   -23.77       0.080
  -40.05   -10.46   -35.48      -40.16   -10.47   -35.48       0.109
  -18.12   -20.41    -7.66      -18.06   -20.64    -7.33       0.409
   -8.59    21.06    37.24       -8.48    20.74    37.02       0.406
   15.41    -7.43    15.85       15.43    -7.61    15.89       0.189
    9.86    -5.97    39.32        9.90    -6.45    39.28       0.477
  -24.26    -7.43    -6.17      -24.28    -7.42    -6.10       0.071
  -10.06     7.34    27.75       -9.86     7.43    27.70       0.212
  -37.59    -2.37   -40.50      -37.37    -2.47   -40.33       0.295
  -13.10    -7.05   -47.97      -13.11    -7.06   -47.74       0.229
   -2.05     7.75   -18.30       -2.04     7.61   -18.21       0.171
   21.82   -15.47    -6.49       21.87   -15.52    -6.47       0.076
   39.81     1.84    -4.58       39.77     1.87    -4.59       0.053
   -1.48    18.10    52.18       -0.99    17.35    52.06       0.903
  -41.87   -17.38   -21.72      -41.96   -17.42   -21.69       0.107
  -11.09     5.08   -39.76      -11.25     4.87   -39.60       0.313
   17.38    10.68   -28.33       17.39    10.69   -28.32       0.024
   -9.22   -27.34   -35.14       -9.17   -27.41   -35.18       0.096
   30.76     2.69   -27.69       30.76     2.69   -27.69       0.004
   15.36    18.67    57.36       15.42    18.74    57.37       0.091
  -42.61   -16.15   -29.10      -42.41   -16.09   -28.98       0.236
   -7.90    12.89    41.94       -7.39    12.90    41.77       0.531
   14.94    24.10   -15.00       14.86    24.24   -15.01       0.163
   -0.47    -5.85    50.16       -0.54    -5.99    50.15       0.159
  -42.99   -13.86   -21.81      -43.01   -13.86   -21.80       0.028
  -27.70   -26.49   -12.04      -27.83   -26.70   -11.91       0.277
  -43.38   -10.79   -27.75      -43.24   -10.72   -27.66       0.175
   14.10   -17.36    -8.80       14.11   -17.31    -8.78       0.054
   33.23    -3.21    11.56       33.24    -3.22    11.57       0.009
   22.26     8.96   -30.01       22.26     8.96   -30.00       0.008
   19.22    16.97   -30.73       19.22    17.02   -30.83       0.110
   -2.19   -21.83   -32.97       -2.11   -21.87   -32.99       0.090
   -1.09    -7.12   -30.46       -1.11    -7.12   -30.45       0.027
    9.98    -6.01    34.23       10.04    -6.46    34.23       0.452
  -14.91    10.92   -31.41      -15.03    10.67   -31.37       0.277
   -5.23    -7.73    21.76       -5.25    -7.77    21.77       0.046
   -8.45    16.73    39.86       -8.35    16.74    39.76       0.145
   -5.82    25.05    21.92       -5.82    24.53    22.04       0.534
  -41.76    -9.34   -16.80      -41.86    -9.35   -16.75       0.112
   20.55     6.30   -28.43       20.48     6.28   -28.50       0.099
   -8.71    -7.71   -45.98       -8.86    -7.75   -45.80       0.238
  -12.82   -24.94   -12.08      -12.69   -25.12   -11.82       0.346
   -5.71    -1.98    56.01       -5.35    -1.73    56.01       0.432
  -35.90   -26.43   -23.15      -36.00   -26.55   -23.13       0.154
   19.26    15.34    52.05       19.57    15.57    52.13       0.393
   13.90    21.04    51.29       13.93    21.08    51.31       0.053
   10.24     3.14    63.08       10.24     3.14    63.03       0.046
    1.31   -11.75     6.41        1.29   -11.88     6.43       0.138
   -6.46    12.33    58.66       -5.42    11.81    58.67       1.157
    4.41    20.69    45.56        4.53    20.08    45.51       0.627
  -26.13    11.23   -21.95      -26.11    11.07   -21.99       0.168
   14.65    22.12    38.33       14.60    21.91    38.34       0.215
    2.50    23.38    29.10        2.47    23.11    29.02       0.282
   24.97   -14.02   -16.37       24.96   -13.99   -16.36       0.034
    1.51    11.85    -7.17        1.58    11.68    -7.09       0.207
   -3.17    24.72    23.46       -3.25    24.32    23.52       0.417
   23.56     4.54    38.44       24.26     4.45    38.57       0.718
  -30.51     7.03   -15.90      -30.57     7.09   -15.84       0.101
  -25.90   -21.96    -8.03      -25.97   -22.27    -7.75       0.428
   23.22   -10.50   -22.76       23.24   -10.47   -22.73       0.040
   22.02    -8.39     7.19       22.03    -8.43     7.20       0.041
  -31.99   -29.66   -26.50      -32.07   -29.79   -26.50       0.156
  -43.73   -11.07   -27.02      -43.59   -11.00   -26.92       0.178
   18.35   -13.66    -0.95       18.35   -13.67    -0.94       0.014
    3.58    -1.72   -23.65        3.56    -1.73   -23.63       0.030
   35.80    14.06    -7.40       35.94    14.17    -7.38       0.179
  -39.06    -7.27   -12.60      -39.10    -7.26   -12.58       0.043
   -5.26     1.01   -33.12       -5.36     0.96   -33.13       0.111
   24.03    13.00    32.34       24.43    13.13    32.44       0.436
    1.03    -6.48   -27.47        1.02    -6.48   -27.46       0.015
   -5.58    18.60    42.25       -5.26    18.02    42.03       0.694
   17.38    20.89   -29.25       17.36    20.86   -29.21       0.053
   12.98    22.79   -15.44       12.89    22.90   -15.46       0.146
    4.79    -4.58   -23.90        4.80    -4.58   -23.91       0.014
  -25.13   -29.35   -37.71      -25.13   -29.40   -37.74       0.055
   28.56    -6.42   -24.61       28.58    -6.46   -24.68       0.090
  -25.44     9.24   -36.80      -25.37     9.04   -36.64       0.267
    4.91   -16.17   -18.84        5.02   -16.28   -18.89       0.165
   25.71   -13.58   -16.83       25.70   -13.56   -16.82       0.032
    6.91    21.98    -2.93        7.00    21.92    -2.90       0.113
  -29.19    -1.21   -45.52      -29.05    -1.38   -45.25       0.351
    2.82    -2.73   -24.45        2.80    -2.74   -24.42       0.028
  -39.50   -13.20   -13.84      -39.62   -13.22   -13.76       0.137
  -17.92    -5.34    -0.90      -17.86    -5.32    -0.93       0.071
   -9.36     9.01    32.75       -9.34     9.04    32.74       0.040
    6.93    17.43    -6.53        7.01    17.42    -6.48       0.098
   23.90     8.39    37.59       24.52     8.43    37.69       0.622
   28.60    12.52   -27.57       28.67    12.58   -27.67       0.136
    1.63    -9.78    17.14        1.61   -10.14    17.23       0.377
   20.93     4.58    53.07       21.84     4.40    53.24       0.940
  -25.41     7.93   -16.67      -25.40     7.98   -16.62       0.073
   38.12    -0.40    -4.14       38.14    -0.41    -4.14       0.026
  -13.11     7.60   -14.59      -13.06     7.48   -14.62       0.140
  -33.17     5.89   -16.59      -33.14     5.85   -16.60       0.052
   -3.12   -12.62     1.39       -3.13   -12.83     1.48       0.228
   13.44    -6.11    26.68       13.47    -6.41    26.72       0.305
  -32.07     9.21   -28.68      -31.92     8.96   -28.64       0.290
   24.54    -3.56    21.58       24.69    -3.83    21.65       0.311
   37.93    -1.43   -10.23       37.91    -1.42   -10.23       0.025
   21.31     0.33    41.52       22.04    -0.08    41.57       0.840
   -3.83   -15.61    -4.49       -3.82   -15.81    -4.37       0.229
   12.36    17.92   -17.95       12.27    17.88   -17.95       0.102
   29.20    -1.72    17.49       29.35    -1.84    17.61       0.216
  -12.91   -25.44   -12.69      -12.68   -25.76   -12.50       0.441
  -10.89     9.54    11.32      -10.42     9.28    11.45       0.549
    4.19    18.31    -1.62        4.34    18.22    -1.50       0.216
  -31.59   -28.94   -33.25      -31.61   -28.98   -33.26       0.045
  -10.36   -25.77   -39.14      -10.34   -25.79   -39.15       0.028
  -19.53   -31.87   -22.27      -19.49   -32.18   -22.23       0.312
   11.91     2.82   -19.27       11.91     2.86   -19.32       0.066
  -12.06    23.86    20.23      -11.85    23.28    20.63       0.733
   24.19    24.35     3.30       24.22    24.42     3.31       0.074
   -7.98     8.16   -23.70       -8.06     8.00   -23.67       0.181
    1.86    17.93     2.47        2.08    17.76     2.58       0.294
   11.06    -6.09   -21.96       11.06    -6.10   -21.98       0.023
  -40.63     0.88   -23.37      -40.53     0.82   -23.39       0.110
  -40.21   -19.62   -18.80      -40.33   -19.66   -18.74       0.142
   -2.16    -5.73    36.65       -2.24    -6.01    36.72       0.293
   26.00    23.35   -15.13       26.05    23.45   -15.13       0.114
   -2.90    10.96    -4.60       -2.77    10.74    -4.55       0.261
   -3.00   -14.37   -39.43       -3.04   -14.37   -39.40       0.055
  -21.67     3.79   -43.93      -21.73     3.52   -43.62       0.420
   13.50    -4.87    51.52       13.81    -5.60    51.60       0.792
   -1.38   -20.61   -32.09       -1.29   -20.65   -32.11       0.098
  -11.02     8.65   -33.14      -11.09     8.47   -33.08       0.202
   29.29    21.38   -10.33       29.37    21.50   -10.34       0.145
   -6.25    -2.71    36.80       -5.96    -2.55    36.76       0.332
   15.23    21.52    41.82       15.20    21.45    41.82       0.087
  -19.91     3.85   -43.54      -19.89     3.62   -43.28       0.344
  -12.14   -20.53   -44.44      -12.16   -20.50   -44.34       0.106
   15.84    27.16    -0.92       15.84    27.17    -0.92       0.010
   36.49     4.39   -16.19       36.51     4.38   -16.20       0.025
   21.17    12.07    49.81       21.73    12.28    49.90       0.598
   12.60     0.54    63.05       12.60     0.54    63.04       0.017
   -2.01     5.54    63.21       -2.01     5.55    63.35       0.139
   -4.68    14.65    60.01       -3.79    13.97    59.92       1.126
    9.37    21.90    41.71        9.43    21.44    41.62       0.476
   14.07   -12.12     4.98       14.08   -12.15     5.00       0.035
  -34.10     0.59   -13.15      -34.07     0.69   -12.76       0.407
  -40.58   -14.31   -31.64      -40.33   -14.35   -31.58       0.258
    0.72     7.31   -18.43        0.67     7.21   -18.34       0.144
   -1.47   -20.34   -33.45       -1.45   -20.37   -33.46       0.042
   36.49    13.28     0.40       36.71    13.42     0.38       0.259
  -10.24   -27.46   -36.20      -10.19   -27.53   -36.24       0.096
   -8.65   -17.77   -44.06       -8.71   -17.75   -43.97       0.109
  -16.57    19.38    24.60      -16.11    19.29    24.58       0.467
   24.29    20.20   -25.16       24.31    20.22   -25.17       0.024
  -30.30     8.48   -18.20      -30.28     8.38   -18.25       0.112
  -19.18   -31.35   -34.57      -19.16   -31.47   -34.61       0.131
  -15.62   -25.05   -42.59      -15.63   -25.01   -42.55       0.053
  -24.87     1.38   -45.64      -24.80     1.15   -45.39       0.351
   26.22    -2.81   -27.22       26.22    -2.81   -27.23       0.007
   -2.27    -2.97   -29.93       -2.35    -3.01   -29.89       0.098
  -33.12     7.69   -32.49      -32.95     7.37   -32.36       0.387
    4.38    19.91    60.57        4.72    19.08    60.54       0.900
   -5.36    -1.85    62.77       -5.09    -1.74    62.47       0.427
    4.09    22.74    30.95        4.07    22.45    30.88       0.303
  -25.49    11.35   -21.64      -25.42    11.12   -21.65       0.241
  -10.13   -23.90   -12.73       -9.99   -24.12   -12.51       0.340
   12.25   -17.15    -7.43       12.30   -17.04    -7.43       0.121
  -39.58     0.03   -35.07      -39.35    -0.13   -34.97       0.298
    1.97    -6.51    37.50        1.95    -6.97    37.53       0.456
   -0.50   -10.40    14.12       -0.52   -10.69    14.15       0.291
   10.59   -12.68   -18.84       10.61   -12.74   -18.88       0.075
  -31.68   -27.94   -35.51      -31.70   -27.97   -35.52       0.046
   13.54    15.32   -19.81       13.49    15.29   -19.80       0.064
   11.54   -12.06   -19.10       11.57   -12.12   -19.16       0.091
