150 PA5-B-OurOutput-Iter=3.txt 6
30.898807   100.082852   41.286716   -8.083851   -10.685975   9.494938
    6.37     4.38   -16.64        6.50     4.94   -17.13       0.755
  -21.04   -31.20   -20.41      -21.04   -31.69   -20.35       0.488
  -36.42   -14.77   -49.64      -34.67   -14.15   -47.25       3.032
   33.15    -3.68   -12.06       33.87    -3.99   -12.02       0.783
   18.73    15.31    62.00       19.19    15.63    62.06       0.562
   -5.99   -14.11   -45.08       -6.33   -13.94   -44.64       0.586
  -13.34    21.42    21.49      -11.88    20.91    22.09       1.657
  -17.43    -3.47    -5.03      -18.32    -2.77    -4.46       1.263
   -3.98     7.25    64.13       -4.86     7.50    64.19       0.918
    9.16    22.98     8.09        8.78    24.50     8.13       1.568
  -18.82     1.66   -15.62      -19.36     3.74   -14.84       2.292
   -0.02   -11.57   -28.25        0.28   -11.57   -28.40       0.336
   19.46    20.24    23.02       19.88    21.66    23.01       1.483
   -4.16     0.51    52.02       -4.26     0.47    52.03       0.112
   27.18     7.53    20.42       28.38     7.72    20.85       1.284
   32.07    -5.24   -11.34       32.41    -5.64   -11.20       0.535
   18.68    -4.68    17.72       18.74    -5.20    17.83       0.538
   24.78    12.07    22.24       26.43    12.53    22.68       1.767
  -13.47    18.61    21.29      -12.67    18.30    21.70       0.959
   17.18    20.91    38.75       17.55    21.67    38.77       0.843
  -36.89     1.75   -24.65      -38.11     2.81   -24.11       1.701
   33.57     9.30    -9.27       35.65     9.77    -9.47       2.135
  -14.50    -8.11   -51.45      -14.55    -8.36   -49.41       2.060
   19.70    22.56     2.72       20.44    24.71     2.79       2.276
   29.27     8.17   -25.05       30.35     9.19   -26.08       1.806
   -8.82   -15.96    -9.12       -8.81   -16.91    -8.39       1.196
   12.97    22.34    -4.60       12.24    24.25    -5.02       2.082
   20.30    -6.86     4.23       20.53    -8.07     4.63       1.288
  -30.24     4.10   -20.32      -31.83     5.91   -19.13       2.686
    3.33    11.21    -5.70        3.15    11.60    -5.87       0.470
   14.85    -5.18   -26.13       16.64    -5.72   -23.55       3.187
   21.67    -0.52    49.42       20.88     0.32    49.23       1.169
  -27.72   -13.61   -11.15      -27.46   -14.69    -8.66       2.723
   -5.07     5.25    63.33       -5.04     5.26    63.33       0.038
   -3.61    16.71    10.16       -2.63    16.14    10.65       1.237
   -3.15    -0.75    58.48       -3.48    -0.97    58.48       0.403
   -5.14     2.52    34.08       -5.50     2.54    34.11       0.365
    0.82   -15.48    -8.18        0.87   -15.92    -7.97       0.490
   13.41    -4.84    16.22       13.65    -6.24    16.53       1.451
   -1.92     1.39    67.32       -1.82     1.28    66.18       1.157
   -0.54   -15.76    -8.52       -0.49   -16.23    -8.30       0.526
  -21.77     7.07   -24.35      -21.66    10.48   -24.58       3.423
   22.21     7.29    66.43       21.43     7.56    65.01       1.646
  -27.33   -15.78   -11.75      -27.71   -16.28    -9.33       2.506
    2.49     7.55    67.16        2.61     7.57    66.49       0.679
    2.47   -17.05   -18.11        2.46   -17.03   -18.11       0.015
  -31.80   -28.31   -42.59      -30.75   -26.28   -41.24       2.657
  -40.75   -17.79   -20.72      -41.09   -17.94   -20.56       0.407
   30.70     7.81   -19.01       32.96     8.82   -19.73       2.575
   -2.47    18.42    37.18       -2.96    20.53    38.06       2.331
    7.59    18.27    62.71        6.92    19.72    62.70       1.595
   -8.38   -26.09   -40.66       -8.90   -25.22   -40.06       1.180
   -4.92     1.00    44.56       -4.91     1.00    44.56       0.001
  -10.17     4.46     4.72      -10.61     4.98     4.63       0.686
  -39.81   -24.22   -39.17      -37.62   -22.89   -37.86       2.878
   -8.47     8.25    13.86       -9.03     8.60    13.71       0.688
   17.69    21.21   -14.95       17.23    23.55   -15.23       2.409
    6.39   -13.77   -20.51        6.01   -13.43   -20.35       0.545
    4.00    -4.97    60.00        3.95    -5.66    59.99       0.693
   35.58     0.90     3.96       36.65     0.40     3.89       1.190
  -12.19   -19.48   -49.45      -12.47   -19.73   -47.43       2.052
   24.57   -12.04   -21.19       24.27   -10.85   -20.35       1.492
   27.94     0.65   -30.51       27.47     1.63   -29.05       1.826
   16.70    21.50    20.22       16.89    22.68    20.40       1.205
   -4.82     4.28    52.58       -5.09     4.26    52.59       0.268
  -30.50   -18.05   -51.13      -30.38   -16.91   -48.32       3.034
   13.58     8.95   -22.87       15.30    10.49   -23.12       2.325
  -33.12   -17.51   -13.38      -34.12   -18.47   -11.81       2.088
   -1.08    17.38    40.88       -2.06    18.74    41.94       1.985
   29.64    -1.49    16.39       29.80    -1.68    16.49       0.267
   14.98    20.96    44.46       15.35    21.75    44.49       0.874
   -7.14     2.17    18.42       -8.32     1.89    18.78       1.266
  -46.35   -15.81   -34.93      -43.28   -16.88   -32.82       3.876
   13.10   -11.30     0.12       13.95   -12.82     0.88       1.894
   33.59     5.82   -13.17       34.95     6.02   -13.71       1.471
   23.26    10.47   -27.48       23.92    10.28   -28.59       1.296
  -11.66   -14.19   -50.40      -12.11   -14.02   -48.66       1.810
  -13.10   -26.78   -44.44      -13.65   -25.68   -43.25       1.715
   11.05    21.53    30.99       11.02    22.27    31.08       0.751
   23.57     4.82    52.17       22.48     4.95    52.12       1.099
   -3.63     7.75    64.98       -3.95     7.87    65.28       0.456
    9.07    -4.13    40.86        9.18    -4.93    40.86       0.806
   25.89     6.54    29.58       26.18     6.57    29.65       0.304
    4.45    15.14    -0.83        4.20    15.32    -0.94       0.335
  -32.89     3.06   -43.13      -32.19     2.31   -42.21       1.369
   17.56    -4.31    20.33       17.67    -5.00    20.42       0.709
   21.11    11.99    60.70       21.16    12.01    60.71       0.055
   -6.33    -7.17    14.97       -6.43    -7.24    15.01       0.124
    6.55    18.37    51.99        5.94    19.72    52.06       1.481
   10.00    -5.40    64.74       10.04    -5.55    64.73       0.152
  -32.36   -18.22   -13.11      -33.58   -18.96   -11.61       2.070
   32.82    10.02   -12.46       34.53    10.17   -12.84       1.754
   22.91     9.07    53.57       22.39     9.03    53.51       0.530
  -21.01     8.32   -36.15      -21.29     9.80   -36.59       1.568
   -5.15     3.09   -24.09       -4.47     4.11   -24.72       1.378
   20.60    -4.04   -26.67       21.73    -3.49   -24.79       2.265
   -0.05    17.67    41.86       -0.55    19.37    42.21       1.804
  -39.06    -0.92   -41.68      -37.94    -1.58   -40.60       1.695
   25.43    17.12   -21.25       26.16    17.67   -22.14       1.277
   32.70     2.02    10.16       34.26     2.00    11.46       2.033
   -0.89    -2.84    66.73       -0.83    -2.80    66.31       0.427
   31.39    -4.50   -23.98       31.12    -4.20   -23.75       0.464
  -38.52   -23.96   -23.66      -38.51   -23.95   -23.66       0.010
  -17.79     1.84   -15.17      -18.32     3.86   -14.42       2.219
   -1.89    11.23    49.96       -3.50    11.87    50.31       1.771
  -13.90    18.94    23.57      -13.32    18.80    23.66       0.604
  -15.60   -32.04   -35.72      -15.94   -30.98   -35.46       1.148
   -0.06    14.71     5.06       -0.08    14.74     5.04       0.039
   -5.47    -1.45   -34.26       -4.63    -1.04   -34.25       0.936
  -14.10   -31.84   -34.11      -14.42   -30.87   -33.88       1.050
   36.79     5.59     3.42       38.21     5.22     3.40       1.469
   -1.65     9.16    -3.83       -1.96     9.77    -4.06       0.724
   18.53     4.81   -27.45       19.77     5.08   -26.43       1.625
  -41.03   -15.71   -45.17      -38.56   -15.09   -42.90       3.406
   -5.00   -10.92   -44.56       -5.35   -10.82   -44.29       0.456
    3.30   -14.70    -6.57        3.32   -14.91    -6.52       0.214
    9.56    16.17   -10.98       10.56    16.69    -9.84       1.601
   -8.69    11.57    13.72       -7.94    11.30    14.13       0.898
  -28.63     5.89   -21.75      -29.57     8.27   -21.12       2.630
   -4.60   -11.00   -43.62       -4.77   -10.95   -43.49       0.226
    8.63    -5.87   -24.12        8.22    -7.06   -22.96       1.716
   22.03    17.21    22.93       23.42    18.30    23.18       1.792
   25.35    -0.25    29.24       24.78    -0.00    28.99       0.668
   12.64    21.45    32.91       12.61    22.18    32.95       0.727
   28.52    15.52    -5.86       31.04    17.29    -5.50       3.098
  -10.94    25.10    19.37       -9.86    22.88    21.24       3.095
  -11.34    18.75    29.32      -12.97    19.73    29.95       2.003
  -28.61     8.15   -27.39      -29.06     9.41   -27.32       1.341
   -5.98    24.20    30.50       -5.99    24.14    30.48       0.067
  -25.59    -1.19   -17.47      -25.70     0.25   -14.53       3.267
   10.80    22.81    19.64       10.90    23.65    19.75       0.851
    1.03    24.36    14.80        1.25    22.90    15.09       1.505
  -40.83    -4.34   -42.54      -38.99    -4.84   -41.15       2.354
   30.89     1.19   -24.97       31.66     1.08   -25.67       1.056
  -39.72    -0.53   -26.21      -40.71     0.19   -26.10       1.228
   -5.89     0.14   -35.79       -5.39     0.41   -35.91       0.587
  -21.41   -33.62   -33.79      -21.43   -32.56   -33.48       1.105
   30.77    -5.19     9.99       30.90    -5.39    10.06       0.247
  -19.19     0.95   -48.76      -19.01    -0.02   -47.50       1.598
   16.16    -6.18   -25.64       16.81    -6.07   -23.74       2.008
   -6.43     0.73   -33.36       -5.55     1.12   -33.29       0.969
   17.45     4.60    67.69       17.48     4.54    65.93       1.756
   16.67    -6.39     7.51       17.37    -7.86     8.22       1.766
   28.45     6.24   -30.07       28.43     5.88   -28.89       1.237
   24.20    20.21    -3.26       25.54    22.43    -3.46       2.606
  -12.46     6.63   -29.48      -11.71     7.79   -29.65       1.396
   19.48    -7.91     0.64       20.00    -9.53     1.25       1.801
  -10.35    -7.66     5.11      -10.52    -7.84     5.27       0.294
   -8.46    -0.25   -41.68       -8.30    -0.11   -41.79       0.241
   15.17     2.54   -23.54       16.69     2.14   -21.86       2.304
