150 PA5-D-OurOutput-Iter=9.txt 6
19.883375   -90.268412   63.866177   -165.143159   -79.028835   -87.027558
    9.54    -7.14    26.74        9.65    -7.36    26.78       0.256
    7.00    21.71    30.00        7.00    21.68    29.99       0.029
  -23.31     0.62    -8.27      -23.40     0.73    -8.18       0.161
   -3.93   -17.65   -35.92       -4.14   -17.56   -35.81       0.254
   -5.56    13.88    29.53       -5.68    13.88    29.55       0.120
   -7.47     3.02   -31.90       -8.19     3.17   -31.99       0.741
   36.99    16.85   -10.87       36.93    16.81   -10.89       0.078
   16.65     6.07   -24.99       16.47     6.11   -25.23       0.296
  -44.25   -18.05   -32.15      -44.08   -18.04   -32.13       0.167
   -4.04     8.08    60.04       -3.91     7.95    60.02       0.189
  -19.71   -18.18   -48.13      -19.86   -18.04   -47.76       0.422
   -5.23   -30.45   -16.96       -5.30   -30.27   -17.01       0.201
   18.34    -5.37    17.77       18.31    -5.33    17.76       0.057
    7.26   -15.93   -19.08        7.41   -16.05   -19.15       0.203
   33.10    -1.90     5.91       33.07    -1.88     5.90       0.038
    3.47    24.87    25.83        3.34    24.68    25.73       0.246
  -10.66    -1.03     7.78      -10.72    -1.01     7.82       0.079
   -7.80   -22.37   -39.95       -8.10   -22.32   -39.73       0.378
  -19.72   -16.99    -2.44      -19.71   -17.00    -2.42       0.026
   -0.09    30.21    17.66       -0.61    29.45    17.58       0.927
  -14.84     9.74   -18.09      -14.87     9.88   -18.03       0.162
    4.19   -20.12   -12.78        4.08   -19.97   -12.77       0.181
   40.43     4.05   -11.70       40.27     4.13   -11.67       0.182
  -22.41    -8.56   -48.51      -22.35    -8.57   -48.11       0.400
  -25.82    14.30   -30.73      -25.70    13.95   -30.56       0.405
  -17.98     0.73    -2.89      -17.94     0.67    -2.92       0.075
   -7.97   -31.96   -18.02       -8.07   -31.71   -18.07       0.270
   14.36    28.96    12.85       14.29    29.12    12.88       0.181
   22.50   -14.54    -4.84       22.59   -14.54    -4.73       0.142
   -0.62    16.34    38.42       -0.53    16.28    38.34       0.132
   -8.94    -0.17    27.06       -8.21    -0.12    27.06       0.727
   18.50    24.90    26.68       18.35    24.52    26.53       0.440
   -4.63     8.52    -6.95       -4.66     8.57    -6.94       0.056
   33.30     7.40   -31.95       33.00     7.53   -31.78       0.360
  -39.92   -28.31   -20.85      -40.09   -28.52   -20.80       0.275
  -14.36    26.42    10.67      -13.92    26.53    11.11       0.628
  -15.83   -22.62    -3.12      -15.82   -22.62    -3.34       0.211
   -8.25     3.57    15.91       -8.18     3.57    15.90       0.072
   23.71    25.77    15.45       23.55    25.63    15.41       0.215
    6.31    15.21    51.75        6.42    15.11    51.75       0.151
   13.99   -18.94    -3.81       14.01   -18.77    -3.79       0.173
    6.66    25.81    21.69        6.57    25.49    21.66       0.333
   -4.79     9.61    -9.65       -4.78     9.55    -9.66       0.058
   17.63    21.61    37.23       17.65    21.69    37.26       0.095
  -14.32     6.44    -9.42      -14.31     6.37    -9.47       0.080
   14.88     8.08    55.69       15.89     8.72    56.05       1.250
   37.93    14.40   -26.04       37.48    14.31   -25.93       0.477
   18.33   -10.93   -17.64       18.32   -11.04   -17.87       0.254
   20.39     4.61    36.00       20.99     4.51    36.07       0.616
   18.07    12.45    40.73       18.64    12.62    40.88       0.613
  -45.10   -15.07   -14.25      -45.27   -15.11   -14.20       0.184
    7.94   -17.28    -5.97        7.93   -17.11    -5.99       0.173
   23.63    27.47    13.14       23.42    27.26    13.02       0.326
   -7.52    28.46     5.46       -6.99    27.50     6.60       1.578
  -10.15   -20.57    -2.79      -10.02   -20.67    -3.23       0.472
  -27.38   -23.56    -2.04      -27.31   -23.65    -1.80       0.268
    0.22   -25.59   -22.93        0.18   -25.51   -22.90       0.093
  -34.48     8.30   -16.53      -34.44     8.20   -16.55       0.106
   20.09   -16.20   -12.46       20.10   -16.33   -12.60       0.184
  -22.50   -23.21    -3.08      -22.45   -23.24    -2.92       0.166
  -27.64   -20.68   -47.42      -27.59   -20.62   -47.28       0.165
   20.49     3.87    35.29       21.01     3.78    35.42       0.542
   22.30    30.25   -24.42       22.45    30.40   -24.84       0.469
   -3.60   -10.37    12.74       -3.38   -10.03    12.48       0.485
   17.02    -5.15    21.24       17.05    -5.19    21.24       0.043
  -39.86   -22.52   -10.65      -39.95   -22.55   -10.61       0.098
   -1.37    -9.17    65.12       -1.33    -9.10    64.26       0.869
  -23.31   -36.76   -28.46      -23.33   -36.65   -28.45       0.113
   32.04    19.90     5.10       32.15    20.01     5.15       0.160
   18.38    20.08   -19.49       18.08    19.93   -19.46       0.340
  -37.39     6.13   -32.16      -37.29     6.00   -32.11       0.170
   21.12    -5.62   -22.00       21.03    -5.90   -22.14       0.322
   14.26    -3.31    62.83       14.46    -3.53    63.24       0.505
   17.29    24.02   -31.45       16.89    24.35   -32.15       0.868
  -15.12    -2.68   -46.93      -15.32    -2.99   -46.68       0.447
   -5.41   -30.02   -14.78       -5.52   -29.78   -14.84       0.273
  -37.56     2.56   -39.54      -37.42     2.11   -39.09       0.654
   30.34    11.60   -31.58       29.95    11.80   -32.22       0.772
   14.45    17.07    45.68       14.82    17.28    45.92       0.489
   12.56    -7.45    17.55       12.62    -7.60    17.57       0.156
  -29.90   -34.83   -16.45      -29.84   -34.74   -16.48       0.116
  -38.60     0.65   -40.37      -38.37     0.35   -39.97       0.553
   11.07    18.31    48.89       10.55    18.85    48.96       0.754
   -9.15   -29.51    -9.34       -9.23   -29.32    -9.51       0.273
   -3.92    10.45    37.88       -3.95    10.48    37.89       0.041
   -8.13    -4.12    14.75       -8.00    -4.01    14.69       0.177
   35.96    -2.02   -10.25       36.04    -1.48   -10.41       0.572
   18.47    19.71    37.05       19.07    19.76    37.04       0.603
  -39.68   -26.90   -31.37      -39.73   -26.94   -31.38       0.064
    5.83   -11.12    16.39        5.86   -11.27    16.44       0.160
    5.54    -7.87    65.58        5.59    -7.95    64.66       0.928
   38.94    14.92   -17.64       38.65    14.85   -17.66       0.300
   37.54     7.02   -29.77       37.21     7.28   -29.35       0.592
    0.39    -9.10    27.12        0.60    -8.86    27.08       0.322
    8.39    -8.35    48.97        8.40    -8.40    48.97       0.047
   26.13     3.92    17.76       26.19     3.90    17.79       0.076
   -6.54    -5.35    43.96       -6.22    -4.88    44.06       0.578
   13.94    -3.58    63.55       13.92    -3.55    63.51       0.057
  -16.91   -31.14   -11.86      -16.82   -31.27   -11.77       0.177
   -4.00    -5.85    26.37       -3.76    -5.61    26.39       0.332
    8.62    10.05    64.03        8.70    10.28    64.43       0.458
   21.20   -15.05    -4.96       21.20   -15.08    -4.92       0.043
  -10.37   -29.39   -36.56      -10.59   -29.20   -36.38       0.332
  -42.64    -2.26   -10.76      -42.61    -2.27   -10.77       0.034
    5.87   -18.24   -16.62        5.86   -18.22   -16.62       0.024
    5.60     4.87    66.52        5.65     4.52    65.65       0.946
   34.02    -1.07     4.67       34.03    -1.07     4.67       0.008
   18.88    11.67    39.22       19.41    11.80    39.44       0.587
  -44.85    -4.79   -35.92      -44.59    -4.89   -35.85       0.293
   -1.59   -11.07   -28.09       -1.59   -11.07   -28.09       0.002
  -44.17   -18.07   -32.69      -44.02   -18.23   -32.51       0.282
   15.14    -6.25    20.56       15.14    -6.21    20.56       0.042
   21.98    -5.62   -22.70       21.87    -5.87   -22.85       0.314
   22.60   -14.51    -4.92       22.69   -14.51    -4.81       0.142
   -0.51   -11.27   -26.97       -0.39   -11.36   -27.18       0.263
    3.56   -12.90     8.68        3.67   -12.70     8.70       0.230
    1.07     6.62   -20.75        1.12     6.72   -20.89       0.177
    8.44    25.40     7.74        8.37    25.60     7.64       0.225
   -0.57    27.63     6.18       -0.80    27.42     7.00       0.880
    1.47    10.76    -3.78        1.31    11.08    -3.86       0.363
   13.25    18.64    44.42       13.61    19.04    44.58       0.569
    7.57   -17.11     5.24        8.07   -16.77     4.68       0.819
   33.60    22.77   -21.21       33.54    22.71   -21.21       0.084
   -4.77     7.99    -5.28       -4.83     8.23    -5.35       0.261
  -14.90   -33.32   -32.66      -14.94   -33.16   -32.57       0.190
  -17.37   -30.16    -9.69      -17.26   -30.34    -9.59       0.235
  -28.40   -32.27   -36.58      -28.37   -32.15   -36.50       0.145
   -4.37     7.94    58.72       -4.23     7.80    58.71       0.195
  -33.14   -34.60   -28.21      -33.15   -34.62   -28.21       0.024
    2.90    -5.99   -24.91        2.90    -5.84   -25.17       0.301
  -39.43     4.37   -15.64      -39.42     4.36   -15.64       0.011
    6.52    -8.95    52.48        6.51    -9.21    52.42       0.261
   25.84    20.12    18.06       25.94    20.19    18.13       0.136
   23.00    29.41     7.44       22.97    29.36     7.43       0.051
  -10.08    13.65    19.96      -10.26    13.55    19.94       0.203
  -23.76    11.40   -35.47      -23.69    11.07   -35.31       0.371
   -9.95   -30.55   -10.43      -10.01   -30.41   -10.48       0.158
   16.51    29.00    -1.73       15.88    29.52    -1.95       0.851
  -33.08     9.09   -16.68      -33.16     9.18   -16.65       0.125
   -6.04    -0.94   -33.56       -6.44    -1.39   -33.62       0.608
    7.27    -2.27   -22.42        7.34    -2.32   -22.79       0.383
   20.26    12.44    34.97       20.78    12.55    35.14       0.552
   26.02    -2.08    11.39       25.92    -1.95    11.32       0.176
  -38.20     2.76   -39.03      -38.16     2.44   -38.69       0.472
  -47.34    -6.55   -23.98      -47.18    -6.56   -23.98       0.166
   35.17    10.59   -32.20       35.17    10.73   -32.02       0.223
  -26.32   -28.20   -42.75      -26.27   -28.01   -42.49       0.328
    0.39    -8.63    46.61        0.44    -8.48    46.62       0.155
   20.39     7.83   -27.91       20.32     7.91   -28.00       0.135
   35.11    -1.49   -30.19       34.99    -1.49   -30.15       0.117
