400 PA5-H-OurOutput-Iter=3.txt 6
-28.005347   70.003251   -41.507507   60.756180   39.984061   -76.547605
   31.32     8.74   -21.70       32.12     8.98   -22.13       0.941
   28.16     0.68    20.74       28.17     0.68    20.74       0.007
  -12.55   -28.02   -37.58      -12.38   -28.35   -37.71       0.387
   -0.96   -23.86   -33.64       -1.83   -22.97   -33.32       1.279
   19.93    -2.30    53.36       19.25    -1.78    53.20       0.874
  -27.14   -28.16   -39.72      -27.11   -28.07   -39.69       0.105
  -33.70     8.23   -40.70      -32.80     6.85   -39.83       1.868
  -22.48   -24.25   -46.56      -22.23   -23.67   -46.01       0.835
   -0.44   -15.42    -5.77       -0.35   -16.10    -5.24       0.866
  -15.83   -12.58   -52.43      -15.66   -12.45   -51.00       1.448
  -11.93   -28.69   -27.34      -11.57   -29.70   -27.18       1.077
    8.38    -4.18    31.58        8.44    -5.67    31.71       1.491
  -37.73    -7.32   -15.60      -38.65    -7.03   -14.81       1.251
    5.06    -1.92    60.40        5.27    -1.71    62.79       2.407
  -13.88    -4.73   -52.61      -13.85    -4.91   -50.62       1.998
    8.63    -8.36   -22.85        8.33    -8.40   -22.49       0.471
  -30.60     0.54   -10.77      -30.65     0.39   -11.16       0.421
  -13.90    11.36    20.38      -14.01    11.42    20.33       0.143
   26.25    -8.78   -22.03       26.23    -8.81   -22.10       0.082
   22.88    -3.61    29.75       22.59    -3.32    29.66       0.412
   22.28     2.29    54.53       21.52     2.54    54.47       0.797
  -17.72    13.92   -35.51      -17.93    12.86   -35.33       1.089
    2.66    19.16    21.67        2.32    20.68    21.70       1.563
   -3.29     0.58    37.40       -4.36     0.26    37.67       1.153
   21.35     0.81    58.61       20.55     1.15    58.51       0.875
   26.34     3.96   -27.85       26.41     3.88   -28.01       0.184
  -40.96    -1.17   -29.40      -41.70    -0.90   -29.40       0.787
  -24.39    12.21   -39.98      -24.30    10.81   -39.00       1.705
    6.43    -2.31    42.25        5.90    -4.69    42.47       2.457
    0.61   -12.46   -36.19       -0.14   -12.50   -35.81       0.838
   18.05    24.81     6.44       18.25    25.51     6.49       0.733
    9.21   -15.43   -22.69        7.97   -14.65   -22.01       1.610
   -4.71    -1.08   -38.56       -4.64    -1.06   -38.58       0.071
   -2.41   -22.47   -38.43       -2.97   -21.39   -37.45       1.562
   -8.20    -4.03   -45.89       -8.33    -4.09   -45.81       0.166
  -29.40   -26.55   -19.37      -29.87   -27.62   -18.61       1.391
  -24.28     7.76   -14.20      -24.23     7.46   -14.69       0.578
   13.94    24.83    31.62       14.05    23.65    31.68       1.183
  -11.62   -24.99   -42.80      -11.71   -24.81   -42.66       0.254
  -20.45   -25.46   -45.59      -20.48   -25.12   -45.28       0.461
  -33.49     6.77   -15.41      -32.81     6.20   -15.80       0.970
   -0.51    -2.53    34.11       -1.79    -3.78    34.72       1.888
   32.27     2.59    12.77       32.90     2.40    13.21       0.789
   16.36    -4.35    38.05       16.44    -4.91    38.14       0.579
  -25.02   -13.76    -8.80      -25.12   -14.10    -7.67       1.184
   -8.46   -24.46   -39.18       -8.35   -24.58   -39.25       0.181
  -13.73   -28.07   -22.48      -13.31   -29.26   -22.13       1.308
    0.87    -1.20    40.29        0.13    -3.41    40.60       2.352
   12.48    24.97     1.41       12.37    25.49     1.34       0.526
  -16.20   -30.50   -28.61      -15.94   -31.41   -28.58       0.941
  -41.05    -2.06   -27.94      -42.00    -1.71   -27.95       1.013
  -36.77     5.07   -20.01      -36.51     4.78   -20.12       0.408
   -2.15    20.64    58.17       -1.23    18.78    58.12       2.085
   20.43    24.02     3.92       20.79    24.80     3.99       0.865
  -15.24     1.01    10.87      -13.71     1.47    10.25       1.711
  -32.35   -26.59   -22.31      -32.87   -27.39   -22.10       0.981
    3.04    -2.71    38.38        2.89    -4.52    38.73       1.846
  -31.50   -16.23   -11.55      -32.03   -16.49   -10.25       1.426
   -2.82   -20.82   -10.71       -2.95   -20.57   -11.02       0.415
  -37.90   -10.54   -45.61      -37.03   -10.67   -45.13       1.000
   11.44   -10.00   -22.52       11.33    -9.78   -22.13       0.464
  -36.91   -11.61   -15.07      -37.87   -11.71   -14.18       1.310
  -26.83   -30.09   -23.69      -26.99   -31.05   -23.35       1.036
  -15.42     8.99    15.75      -13.70     8.07    16.26       2.013
   12.86    23.17   -12.95       12.86    23.17   -12.95       0.003
   10.36    22.85    13.89       10.14    23.64    14.18       0.867
  -31.08     9.17   -16.49      -30.67     8.27   -16.77       1.032
  -39.30    -8.11   -27.14      -40.70    -8.29   -27.78       1.546
    5.08     5.58    60.79        5.38     5.31    62.74       2.001
   -0.53    -5.28    25.05       -1.18    -6.50    25.43       1.435
  -33.38     6.66   -44.08      -32.01     5.53   -42.49       2.382
   21.89    17.21    55.86       20.39    16.26    55.83       1.773
  -16.62     3.15   -50.85      -16.41     1.70   -48.86       2.470
    6.26     1.54    60.88        5.85     2.05    62.83       2.050
  -11.25     9.67   -14.78      -11.41     9.02   -15.14       0.763
   -1.42    19.51    35.45       -1.35    20.26    35.55       0.754
   27.87     9.90    16.97       28.63    10.33    17.35       0.956
    3.79     1.59    61.08        3.89     1.60    62.62       1.538
   -4.79    -3.20    21.08       -5.78    -3.85    21.25       1.192
   -5.59    12.17     9.39       -6.05    12.95     9.06       0.970
    1.85    20.98    40.62        1.94    20.38    40.60       0.602
   20.00    -3.38    42.41       19.57    -2.92    42.23       0.650
   20.15    21.43   -15.95       20.62    23.08   -16.38       1.774
    1.18    -3.20    34.95        0.56    -4.87    35.08       1.789
  -25.14    13.43   -17.03      -24.77    12.17   -18.06       1.666
   18.16    18.93    58.72       18.28    19.02    58.72       0.149
   -7.70    12.72    12.48       -7.89    13.06    12.36       0.408
  -28.84   -20.63   -47.93      -28.58   -20.14   -47.31       0.827
   28.45    -5.38     1.60       28.37    -6.65     2.03       1.339
   18.87   -13.37   -21.34       19.25   -13.24   -20.86       0.631
  -35.17    -5.48   -49.26      -33.87    -5.80   -48.08       1.785
   12.54    16.09   -30.12       12.74    16.25   -29.58       0.592
  -26.47   -19.10   -49.70      -26.27   -18.74   -48.71       1.077
  -27.04    -9.71   -53.25      -26.16    -9.27   -51.79       1.756
    4.62    -6.16    27.78        4.82    -6.92    27.97       0.811
    1.70    16.20    -0.39        2.87    15.59    -0.13       1.343
  -36.12    -9.87   -14.46      -37.29    -9.99   -13.37       1.602
   23.27    22.72     2.13       23.69    23.61     2.24       0.997
   17.19   -18.19   -10.93       17.31   -17.69   -10.82       0.517
   37.28     3.20     2.13       38.03     3.02     2.13       0.770
  -36.27   -24.74   -34.46      -36.20   -24.68   -34.43       0.104
   15.26   -17.44    -7.27       15.15   -17.91    -7.31       0.485
   21.61    18.15    53.94       19.91    17.01    53.95       2.046
    9.85    24.56    47.86       10.81    22.95    48.16       1.900
  -21.91   -13.84   -52.33      -21.72   -13.57   -51.37       1.009
  -28.45   -17.24    -9.53      -28.64   -17.05    -8.69       0.880
   27.57    11.21    15.18       28.57    11.79    15.59       1.234
   23.87     3.86    45.72       23.12     3.96    45.53       0.780
    4.33    16.22    -5.54        5.83    16.38    -4.70       1.726
   -9.02    14.09    47.13       -7.62    13.98    46.40       1.588
  -39.96   -10.62   -17.53      -40.50   -10.57   -17.27       0.602
  -39.94     3.70   -30.70      -39.55     3.49   -30.69       0.448
  -39.21    -6.62   -27.43      -40.75    -7.16   -28.08       1.755
  -26.19   -29.28   -20.27      -26.40   -30.10   -20.15       0.854
   -5.51    16.75    55.69       -4.42    15.96    55.59       1.350
  -15.25    15.41    29.54      -18.27    17.04    28.02       3.754
  -33.60     8.41   -40.19      -32.81     7.10   -39.43       1.714
  -13.80     9.18     9.61      -12.07     8.29     9.76       1.960
  -19.10   -12.89    -6.62      -19.29   -13.15    -5.70       0.976
   -2.00   -22.83   -37.79       -2.67   -21.77   -36.85       1.569
   29.13    -8.20    -5.88       29.89    -9.28    -5.17       1.496
   -8.98   -24.73   -17.24       -8.75   -25.17   -17.10       0.516
   25.09    13.85   -23.97       26.24    14.64   -24.67       1.552
   -7.92     8.43    44.81       -7.40     8.62    44.75       0.549
   12.40     3.54   -18.16       13.13     3.41   -17.65       0.905
   16.29    23.37    31.09       16.13    23.12    31.05       0.297
  -37.48    -2.64   -41.54      -37.58    -2.66   -41.57       0.114
   16.64    -9.05    16.81       16.36    -8.17    16.51       0.963
  -25.45     4.92   -14.04      -25.34     5.03   -13.66       0.408
   13.57    24.03    13.01       13.66    24.89    13.19       0.880
   -7.20   -27.17   -29.81       -7.17   -27.24   -29.82       0.080
   34.27    13.66    -5.59       34.51    13.93    -5.58       0.367
  -24.23     4.46   -13.94      -24.24     4.57   -13.57       0.383
   26.82    14.29   -19.92       28.20    15.24   -20.75       1.867
   24.66    13.23    28.53       24.49    13.12    28.50       0.204
   12.22   -12.84     3.85       12.20   -13.57     4.04       0.760
   27.85     4.66    25.14       27.44     4.66    25.05       0.413
    5.64   -21.73   -19.48        4.61   -20.40   -19.11       1.725
  -11.93   -24.47   -14.99      -11.66   -25.41   -14.58       1.059
   21.46   -14.03   -21.21       21.31   -13.91   -21.07       0.234
   -5.29   -24.77   -35.93       -5.78   -24.26   -35.67       0.748
  -25.36   -28.28   -19.18      -24.89   -29.71   -18.51       1.646
   19.67    21.52    18.83       19.87    22.09    18.96       0.619
   -3.26   -25.34   -21.60       -3.31   -25.26   -21.64       0.096
    0.09    -3.67    30.42       -0.37    -5.44    30.82       1.877
  -19.19    12.56    25.66      -19.63    12.54    25.62       0.436
  -28.48    12.30   -37.36      -28.23    10.94   -36.57       1.586
   10.80     9.04   -26.49       12.55    11.03   -25.43       2.845
  -17.25   -16.11   -52.19      -17.38   -15.63   -50.76       1.515
   13.21    -3.93    56.91       13.35    -5.14    57.02       1.229
  -37.07     8.09   -35.82      -35.82     6.83   -35.24       1.864
   14.55    -3.61    59.09       15.04    -4.42    59.10       0.948
   23.65    13.36    48.68       22.41    12.97    48.55       1.300
   33.21    13.92   -10.11       34.00    14.47   -10.32       0.991
  -38.45     0.57   -42.01      -37.53     0.07   -41.58       1.137
  -20.89   -19.81   -50.69      -20.84   -19.34   -49.61       1.171
  -23.46   -13.73   -51.90      -23.29   -13.51   -51.08       0.866
    5.98    19.93    59.42        5.52    21.33    59.39       1.481
   24.51    -3.38    24.03       24.43    -3.25    24.00       0.154
   23.78    -0.99    36.21       23.33    -0.67    36.07       0.577
  -15.52    10.32    20.00      -14.80     9.97    20.37       0.886
    6.16    21.76     8.82        5.75    22.54     8.89       0.888
  -41.05     1.01   -31.63      -40.76     0.92   -31.54       0.316
   37.57     3.37    -7.09       38.37     1.94    -6.66       1.688
  -16.71     7.57    17.13      -14.16     8.21    17.64       2.675
   25.71    20.25   -10.30       26.43    21.45   -10.37       1.402
   -1.09     2.74   -23.19       -0.95     3.00   -23.34       0.333
  -15.38     4.15   -50.93      -15.17     2.24   -48.58       3.037
   19.45   -12.60     6.36       19.07   -11.80     6.04       0.944
    2.70   -16.11    -6.99        2.81   -16.56    -6.64       0.589
  -32.52    11.80   -28.06      -31.88    10.72   -28.14       1.257
   14.28    14.75   -29.95       14.36    14.81   -29.76       0.217
    8.62    -3.41    36.63        8.59    -5.18    36.75       1.776
   -3.54    -3.83   -36.70       -3.25    -3.76   -36.72       0.304
   -3.75   -25.45   -19.14       -3.88   -24.74   -19.21       0.726
  -37.59   -16.99   -43.42      -37.01   -16.62   -42.96       0.824
  -30.58    -8.54    -9.10      -30.89    -8.26    -8.39       0.824
  -28.34   -22.46   -46.29      -28.19   -22.01   -45.83       0.653
    0.01    20.31    36.47        0.01    20.16    36.46       0.145
   25.71    11.21    29.56       25.25    11.01    29.46       0.516
    0.59    -6.66   -33.10       -0.47    -7.03   -32.32       1.362
  -20.26    -1.04    -5.74      -20.06    -1.15    -5.88       0.270
   31.43    -7.04    -4.93       31.75    -7.22    -4.95       0.361
   -2.21     0.33    42.01       -3.47    -0.06    42.14       1.328
  -21.81    12.75    27.03      -19.78    13.00    27.07       2.046
  -36.67     5.66   -39.99      -35.56     4.77   -39.52       1.499
  -19.60    14.23   -35.50      -19.79    13.22   -35.33       1.043
  -11.50   -23.06   -13.68      -11.24   -23.57   -12.94       0.930
  -17.02    11.57   -16.34      -16.99    10.43   -17.02       1.330
   -9.44     2.31    25.61       -9.02     2.73    25.44       0.620
  -33.48   -23.71   -42.65      -33.09   -23.15   -42.07       0.890
    4.69    20.29    -4.89        5.87    19.68    -4.10       1.543
  -18.17   -28.73   -39.99      -18.18   -28.72   -39.99       0.009
   -1.78    -1.15    36.19       -2.85    -2.42    36.29       1.665
  -31.42   -14.00   -50.70      -31.25   -13.15   -49.35       1.605
   35.76    -1.85     4.30       36.49    -2.21     4.44       0.826
  -17.52   -30.52   -35.06      -17.44   -30.91   -35.15       0.402
   -0.06    20.45    39.05       -0.05    20.15    39.05       0.301
    7.95    10.31    61.45        8.82    10.14    63.31       2.060
   18.53    -4.27    40.13       18.48    -4.17    40.13       0.108
    0.85     1.12    50.19       -1.25    -1.11    50.79       3.120
  -14.53    10.68    44.29      -13.41    11.93    40.96       3.735
   -6.01     8.42    49.83       -6.76     8.40    49.82       0.748
  -33.93     4.10   -45.33      -33.18     2.91   -43.88       2.018
   -6.56    10.29    54.95       -6.53    10.28    54.95       0.029
   17.65    24.18    50.34       16.10    22.63    49.99       2.215
   32.61    -0.09   -23.16       32.97     0.03   -23.34       0.419
   23.08    17.56   -22.16       23.83    18.49   -22.90       1.411
  -32.10     8.10   -15.24      -31.68     7.32   -15.59       0.951
   22.51   -15.25    -6.66       22.65   -15.37    -6.62       0.187
   14.25     1.12    61.16       14.43     1.07    62.80       1.650
   14.10    -5.67    25.93       14.16    -6.32    26.01       0.649
   14.59   -13.07     5.05       14.60   -13.14     5.08       0.079
    1.06     1.82    60.48        1.22     1.84    62.80       2.320
  -26.56     1.94   -51.27      -25.63     0.81   -49.32       2.436
  -12.60    -0.88    12.38      -12.00    -0.48    12.15       0.761
  -40.93    -9.92   -19.94      -41.50    -9.94   -19.78       0.593
    8.30    13.89    61.58        8.37    14.13    62.04       0.518
  -24.63     1.65   -11.60      -24.52     1.56   -11.76       0.206
  -30.73    -5.68    -9.83      -31.07    -5.59    -9.29       0.643
    5.44    21.89    42.49        5.68    20.96    42.46       0.958
  -12.58    -3.70     5.68      -12.74    -3.86     5.79       0.255
   -9.21    15.34    46.61       -7.59    14.83    45.87       1.859
    1.81    20.96    41.56        1.90    20.34    41.53       0.629
  -34.65   -26.20   -34.81      -34.65   -26.19   -34.81       0.002
   -7.51   -15.25    -5.72       -7.60   -15.80    -5.23       0.736
  -25.13   -22.35   -13.25      -25.72   -23.27   -11.54       2.025
   27.15    -1.02    23.06       26.77    -0.89    22.98       0.404
    4.40    18.82    -6.88        6.45    18.55    -5.93       2.270
   -8.49    12.44    15.32       -9.00    13.34    15.01       1.078
  -26.04   -19.84    -9.96      -26.35   -20.40    -8.75       1.366
    3.38    -6.70    24.90        3.19    -7.83    25.19       1.179
  -15.79   -14.98    -6.39      -15.73   -15.15    -5.67       0.741
   24.16    -5.37    14.73       24.21    -5.46    14.75       0.101
  -13.40     9.34   -43.16      -13.76     9.01   -42.87       0.569
   -6.43    10.05    51.20       -6.70    10.08    51.23       0.271
   20.02    19.62    34.61       19.56    19.29    34.55       0.570
   28.24    13.53   -17.65       29.80    14.48   -18.63       2.075
  -41.14    -2.72   -26.43      -42.23    -2.33   -26.44       1.162
  -41.50    -1.09   -25.40      -41.43    -1.11   -25.41       0.076
   -6.96     8.03   -12.73       -6.96     8.10   -12.72       0.069
  -18.59   -19.15   -50.73      -18.81   -18.64   -49.54       1.321
   32.68    15.27     3.91       33.07    15.66     3.97       0.556
  -40.29   -15.94   -20.08      -40.70   -16.11   -19.88       0.489
   23.84    10.87    49.44       22.87    10.69    49.28       1.004
   35.14    -1.75    -6.09       35.22    -1.81    -6.09       0.100
  -21.46    13.68   -20.64      -21.51    13.19   -20.65       0.491
   22.24     3.70    58.99       21.48     3.82    58.93       0.764
   24.87    -6.12   -23.03       24.93    -6.26   -23.43       0.424
  -26.96   -30.17   -27.83      -27.15   -30.97   -27.89       0.826
  -37.58     5.84   -37.97      -36.36     4.84   -37.46       1.652
   20.02    -3.97    38.93       19.83    -3.55    38.86       0.463
    2.80    -4.00   -25.04        2.81    -4.00   -25.04       0.007
   20.39    -4.35    34.62       20.29    -4.12    34.57       0.255
    4.56    19.79    19.57        4.20    21.33    19.74       1.587
  -19.51     7.90   -46.35      -18.90     6.69   -44.61       2.207
   19.59    -3.04    47.38       19.24    -2.72    47.25       0.488
   22.75     0.60   -27.17       23.26     1.05   -26.69       0.825
    9.77    -3.74    54.29        9.77    -5.48    54.30       1.737
   28.41     3.36    22.31       28.17     3.33    22.21       0.265
   18.18    21.57    33.20       18.03    21.41    33.21       0.225
   13.06   -15.53    -6.24       12.59   -16.77    -5.90       1.371
   21.60   -15.89   -15.33       21.58   -15.87   -15.32       0.032
    6.80   -20.32   -16.22        5.79   -19.25   -16.30       1.471
  -39.13   -10.33   -42.72      -38.77   -10.29   -42.54       0.404
   -7.64     0.05    23.05       -7.61     0.07    23.04       0.038
   33.48     9.00     6.26       34.76     9.48     7.08       1.598
  -32.67   -23.08   -43.67      -32.32   -22.58   -43.16       0.792
    9.66    -3.98    51.95        9.66    -5.49    51.96       1.508
   16.52    12.14    59.76       16.62    12.24    61.81       2.049
   22.25    16.45    25.91       22.59    16.66    25.97       0.400
  -12.27     0.82    16.91      -11.68     1.53    16.58       0.977
  -11.53   -28.45   -27.24      -11.15   -29.53   -27.07       1.157
  -28.68   -29.28   -35.17      -28.81   -29.56   -35.30       0.333
  -36.78   -16.11   -16.49      -37.71   -16.63   -15.60       1.397
   17.15    23.78    36.36       16.68    22.96    36.43       0.957
  -39.02    -8.90   -38.76      -39.10    -8.89   -38.77       0.086
    4.23    18.35    -7.03        6.47    18.37    -5.99       2.475
   -8.22    -6.82     4.98       -8.67    -7.56     5.57       1.046
   33.83    -2.34    -9.59       34.56    -2.78    -9.49       0.866
   22.34     3.09   -28.74       22.76     3.47   -28.16       0.811
  -33.32   -24.16   -18.71      -33.93   -24.78   -18.24       0.996
   -6.03     8.43    -3.52       -6.03     8.42    -3.52       0.004
   28.84     0.25   -26.83       28.86     0.20   -26.93       0.116
   15.08    22.09   -19.58       14.72    23.23   -19.75       1.214
  -10.13     7.39    -6.75       -9.94     6.88    -6.80       0.541
  -13.44   -25.22   -14.95      -13.10   -25.98   -14.68       0.871
  -14.58    -6.82    -0.81      -14.94    -7.07    -0.41       0.591
   37.86     3.52    -6.55       38.67     2.30    -6.09       1.534
    3.79    -0.98   -22.90        3.77    -1.02   -22.83       0.082
   31.30     8.86   -21.39       32.21     9.13   -21.89       1.071
   -7.12    12.61    13.20       -7.59    13.42    12.92       0.977
   11.58   -10.85    13.09       11.56   -10.71    13.06       0.143
   -0.35   -16.63    -6.90       -0.29   -17.10    -6.53       0.604
  -10.03     3.91    30.72       -9.52     4.89    30.41       1.153
  -34.32    -9.10   -51.35      -33.26    -9.14   -49.49       2.131
   26.36    10.44    26.59       26.07    10.34    26.55       0.307
  -38.63     0.74   -19.56      -39.00     1.05   -19.28       0.551
   -7.50   -23.59   -39.06       -7.38   -23.71   -39.14       0.190
    6.95    -6.25   -23.10        6.87    -6.29   -22.93       0.188
   -1.07    12.17     1.13       -1.21    12.41     1.03       0.304
  -27.91   -20.15   -48.50      -27.70   -19.78   -47.84       0.785
   19.37     2.47   -25.51       20.17     3.00   -25.07       1.057
   -4.89    12.00     9.38       -5.35    13.22     8.90       1.394
   -7.03    17.49    33.30       -6.36    20.88    33.88       3.502
   32.41    14.41     6.05       33.04    14.93     6.47       0.913
    9.16    21.43   -14.54       10.02    21.09   -14.48       0.924
  -40.05    -7.42   -18.68      -40.72    -7.31   -18.34       0.761
  -12.29    12.15    20.44      -13.21    12.63    19.98       1.130
   15.45    23.97    31.39       15.40    23.53    31.44       0.446
  -20.51   -29.97   -21.11      -20.45   -30.89   -20.96       0.941
  -15.35     6.25   -49.49      -14.93     4.45   -46.97       3.132
  -14.94   -13.95   -51.93      -15.25   -13.96   -50.89       1.081
   32.11    -5.45   -21.24       32.33    -5.60   -21.28       0.270
  -27.85   -16.89   -50.42      -27.55   -16.39   -49.32       1.242
   27.61    10.19    17.35       28.40    10.54    17.65       0.914
  -39.00   -16.76   -35.53      -39.07   -16.73   -35.52       0.078
  -38.69     6.60   -28.04      -38.00     5.98   -28.08       0.929
  -23.61     4.52   -49.01      -23.66     3.45   -47.36       1.970
   -9.94   -25.70   -20.16       -9.09   -26.87   -19.18       1.751
  -35.92    -8.03   -14.09      -37.21    -8.21   -13.01       1.690
  -14.16    10.66   -41.70      -14.45    10.01   -41.50       0.738
  -11.41     7.69     1.03      -11.08     7.09     1.23       0.713
    3.36    -5.94   -26.31        3.24    -6.05   -26.19       0.201
   22.16   -14.72   -17.92       22.26   -14.92   -17.98       0.225
   12.80     0.31    61.03       12.85     0.17    62.85       1.826
   29.39    14.18     8.71       30.79    14.73     9.82       1.872
  -21.68     2.39    -9.75      -21.36     1.99   -10.10       0.626
   29.16     2.38    19.27       29.29     2.33    19.34       0.150
    3.87    17.85    -6.55        5.93    18.05    -5.07       2.543
   -1.94     4.01   -21.34       -1.74     4.40   -21.56       0.492
  -26.54    13.15   -36.35      -26.29    11.83   -35.65       1.517
   12.11   -12.68   -21.14       11.64   -12.06   -20.24       1.191
   36.66    11.72    -5.42       36.80    11.84    -5.45       0.197
   -6.98    -1.46    20.44       -7.39    -1.69    20.54       0.473
   17.63    23.85    39.16       16.78    22.92    39.16       1.257
   23.23   -14.01    -6.16       23.41   -14.19    -6.12       0.253
   20.32    -4.28    36.04       20.15    -3.92    35.98       0.403
    1.36   -11.25   -34.19        0.52   -11.43   -34.04       0.865
   21.16    22.36    10.94       21.42    23.17    11.10       0.866
    9.27    15.56    60.16        9.34    15.53    61.58       1.419
  -33.84   -12.69   -51.16      -33.49   -12.04   -49.40       1.905
  -21.34    11.26   -15.44      -21.52    10.57   -16.43       1.214
   -3.09    19.32    52.30       -2.29    17.91    52.39       1.625
   -8.72    16.41    29.48       -9.09    20.10    28.48       3.849
  -31.21     0.80   -49.69      -30.34    -0.30   -47.78       2.366
   27.54     3.95   -26.77       27.86     4.16   -27.30       0.654
    4.95     3.41   -15.91        5.42     4.17   -16.54       1.097
   15.23    -2.68   -18.98       15.38    -1.80   -19.89       1.276
  -21.88   -22.52   -48.85      -21.60   -21.87   -47.97       1.125
    0.13    -8.12   -34.04       -0.59    -8.50   -33.99       0.819
  -31.29     9.40   -17.77      -30.90     8.55   -18.04       0.971
    5.49    -3.91    35.73        5.38    -5.20    35.91       1.305
  -30.87     2.47   -10.94      -30.98     2.16   -11.78       0.901
   34.29    11.54   -11.32       35.00    11.73   -11.48       0.749
   -0.83   -11.20   -38.78       -1.29   -11.16   -38.64       0.479
   -5.98    17.92    43.70       -5.98    17.95    43.73       0.041
  -32.29   -24.15   -18.08      -33.05   -24.86   -17.30       1.294
  -10.46   -25.23   -18.11       -9.91   -26.08   -17.58       1.135
   15.28   -16.49   -16.52       15.49   -15.62   -16.06       1.003
   -7.18     1.11    26.14       -7.24     1.09    26.15       0.064
   18.54    17.27   -25.83       18.98    18.18   -26.61       1.276
  -27.99    14.10   -25.59      -27.74    13.07   -25.74       1.066
    1.52   -15.27   -36.31        0.51   -15.47   -35.51       1.307
   22.30   -15.67   -13.07       22.29   -15.64   -13.07       0.023
  -31.56    11.86   -24.12      -30.85    10.96   -24.45       1.194
   20.00    -5.91    22.36       20.00    -5.92    22.36       0.001
  -22.33    13.29    28.55      -19.92    13.91    28.74       2.502
   -5.24    10.98     2.06       -5.18    10.89     2.10       0.110
   24.76     9.06    40.74       24.14     9.00    40.65       0.636
   26.33   -12.52   -15.23       26.38   -12.62   -15.24       0.109
   34.82     7.11   -16.12       35.32     7.24   -16.20       0.521
   27.34    19.81    -1.84       28.14    20.60    -1.88       1.126
  -12.79   -24.71   -14.93      -12.41   -25.63   -14.58       1.052
   19.40     3.82   -27.04       20.24     4.31   -26.30       1.213
   19.92    -5.17    32.75       19.71    -4.60    32.69       0.615
  -14.42   -22.04   -12.27      -14.49   -22.45   -11.32       1.035
   18.92   -13.03   -21.36       19.24   -12.91   -20.94       0.544
   -3.42    19.58    54.32       -2.11    17.85    54.11       2.179
  -29.82    -8.13    -8.62      -29.55    -7.82    -8.36       0.483
   34.52    13.89    -0.33       34.67    14.04    -0.35       0.215
  -11.38   -24.67   -43.15      -11.50   -24.45   -42.96       0.313
   -8.18    17.79    35.11       -8.04    20.66    35.90       2.983
   -2.89    -3.79   -34.00       -2.89    -3.79   -34.00       0.000
  -22.41    11.50    36.65      -19.04    11.67    34.79       3.854
   15.37   -17.97    -9.00       15.40   -17.73    -8.94       0.254
    7.10    -2.98   -22.41        6.96    -3.07   -21.98       0.456
    2.39     2.95   -19.00        2.74     3.51   -19.44       0.800
   29.29     7.15   -24.29       30.35     7.28   -25.17       1.386
  -14.21    17.82    40.11      -14.10    17.64    39.99       0.242
  -40.02     3.91   -27.70      -39.55     3.66   -27.70       0.528
   19.27    19.07   -22.78       19.80    20.60   -23.46       1.759
  -15.58    17.48    34.01      -16.71    18.47    34.44       1.565
   21.35    18.71    44.23       20.16    17.90    44.14       1.437
   31.88    -6.96   -16.11       32.31    -7.29   -16.24       0.553
  -22.30    -9.95   -54.11      -22.58   -10.30   -52.70       1.482
  -29.32   -28.80   -23.05      -29.71   -29.48   -22.84       0.819
  -37.96    -9.97   -33.50      -38.55   -10.08   -33.39       0.609
   -2.12   -12.25   -40.53       -2.49   -12.25   -40.22       0.480
  -33.27     8.82   -20.84      -32.93     8.28   -20.98       0.652
