150 PA5-G-OurOutput-Iter=1.txt 6
-2.969183   54.929591   5.586742   -46.029444   30.481853   -40.550607
   29.51    18.57     6.35       30.67    19.87     6.50       1.748
  -29.48   -23.13    -9.29      -29.45   -23.08    -9.38       0.104
    3.36    13.38    45.55        2.14    19.48    46.43       6.279
   -1.99     9.09    57.81       -5.76    10.97    57.49       4.227
   10.11     8.01    -4.78        8.04    12.49    -9.72       6.980
   -8.65    12.53    33.47      -10.04    11.31    34.86       2.317
   -5.84    14.12    33.34       -9.64    11.64    35.55       5.049
   -1.82   -11.60   -33.52       -0.63   -11.41   -33.79       1.235
    0.33    -3.01    36.42       -0.80    -6.43    36.81       3.621
  -28.90    10.60   -25.95      -28.91    10.61   -25.94       0.020
   20.09    -2.31   -18.21       17.79    -2.14   -22.70       5.052
  -14.85   -18.91    -6.87      -14.90   -18.80    -7.00       0.175
  -42.01   -18.45   -17.24      -40.64   -17.90   -17.87       1.605
   30.21    -2.52   -15.34       34.20    -5.77   -16.74       5.330
    8.91    -7.84    32.12        8.78    -6.70    32.05       1.146
    8.02    10.77    65.93        7.89    10.75    63.24       2.692
  -29.82     8.51   -39.20      -29.16     6.74   -38.22       2.129
   14.16    23.11    15.16       14.40    24.69    15.50       1.636
   -2.86   -19.68   -37.83       -3.30   -19.39   -37.54       0.600
  -30.40   -33.06   -24.09      -29.40   -31.07   -24.30       2.234
   13.93    16.26    -0.89        6.47    17.71    -5.51       8.893
   -1.57    12.06    20.12       -6.84    16.49    12.78      10.060
   -3.72    -8.96   -35.84       -1.77    -8.47   -36.39       2.087
    8.98    -4.86    64.87        8.93    -4.87    63.41       1.453
   23.86   -10.44    -3.41       24.25   -11.80    -2.61       1.619
   29.69    18.50     1.44       31.30    19.68     1.37       1.995
   21.69    10.30   -23.37       18.08     8.26   -26.24       5.045
   17.54    21.64    23.99       17.85    22.66    24.06       1.067
  -37.15   -14.73   -51.50      -33.86   -13.21   -46.07       6.537
  -25.66   -28.47   -44.73      -25.83   -25.84   -41.95       3.830
   25.11     8.11   -23.63       19.35     6.42   -26.53       6.662
   15.38     6.02    64.60       15.48     5.97    63.12       1.486
   33.58     1.70   -26.84       31.89     1.79   -25.75       2.016
    8.05     7.33    -8.43        7.40    11.12   -10.99       4.616
   -6.87    13.72    31.34      -10.06    10.94    34.51       5.287
   -2.23    11.93    42.41       -6.63    11.87    43.94       4.662
   13.11    20.39    61.44       12.87    20.04    61.37       0.432
    9.80    18.74    21.82        9.94    23.75    22.81       5.110
  -43.63    -7.05   -19.61      -43.01    -7.06   -19.77       0.640
   17.66     1.88    49.48       20.91     0.27    49.99       3.662
   33.76     4.46     6.65       37.34     4.68     9.50       4.579
   23.68    -6.03     8.64       23.98    -7.41     9.05       1.473
    5.54    -5.50    41.35        5.70    -6.92    41.36       1.431
  -36.87   -20.45   -12.75      -36.54   -20.30   -12.95       0.413
   22.58     6.85   -19.46       16.36     6.29   -20.81       6.388
   21.88    25.83     7.61       21.45    24.79     7.32       1.158
  -14.24     9.34   -38.48      -14.53     8.48   -37.84       1.113
   -8.15     7.94    40.67       -7.25     7.98    40.51       0.917
   13.18    -2.94    49.08       14.30    -5.53    49.23       2.830
   -7.41     1.75     0.28      -11.37     6.28     0.54       6.022
  -12.39   -15.89   -50.81      -13.97   -15.27   -47.72       3.528
   11.40    19.46    25.17       11.47    23.24    25.61       3.814
    6.49   -20.42   -12.45        4.84   -17.11   -12.38       3.699
  -34.51   -29.36   -20.29      -33.47   -28.06   -20.68       1.710
   15.02    22.12    -0.82       14.56    26.97    -0.64       4.869
   19.89    14.22    37.15       21.96    15.36    37.67       2.418
   -1.47    12.24    20.33       -6.84    16.49    12.78      10.196
  -23.80    10.97   -37.44      -23.41     9.77   -36.52       1.567
   -1.88   -19.96    -7.54       -2.09   -17.81    -8.57       2.390
   23.71    12.02    23.07       26.53    13.54    24.07       3.358
  -16.34   -31.63   -38.66      -16.83   -29.46   -37.49       2.514
   -8.71     3.59   -10.24      -10.08     7.17    -9.78       3.856
   -5.65   -24.71    -8.34       -7.49   -21.27   -10.62       4.523
   19.97   -13.20     7.26       18.45   -10.28     5.77       3.612
   29.39     2.56    13.09       32.29     1.63    15.45       3.849
   11.69    20.67    15.16       11.81    24.75    15.72       4.129
  -16.41   -20.84   -50.72      -17.08   -19.67   -46.75       4.195
   11.81   -16.06     3.11       11.98   -14.25     2.02       2.123
  -36.13   -17.72   -50.18      -34.09   -15.32   -45.17       5.914
   11.66    -5.91    33.71       11.69    -6.34    33.74       0.439
   14.03   -17.53    -4.43       14.01   -17.01    -4.56       0.535
   -6.18     8.68    41.39       -7.14     8.63    41.53       0.968
   -1.76    -1.45    25.54       -5.77    -5.01    26.95       5.540
   -4.83     4.39    37.63       -6.91     4.13    37.72       2.108
  -31.59   -28.61   -16.74      -31.31   -28.05   -16.97       0.664
   20.86     1.34    28.89       24.63    -0.57    29.72       4.305
   -1.83   -23.71    -9.11       -3.52   -19.97   -11.61       4.809
   16.07    22.56    36.96       15.86    21.59    36.91       0.988
    1.24    -9.21    10.56        0.93   -11.13    11.16       2.032
  -24.51     4.08   -47.01      -23.90     2.26   -44.63       3.053
   26.31     3.02   -22.16       31.92     2.33   -25.75       6.698
  -43.26   -18.18   -30.47      -41.62   -17.66   -29.45       1.999
    9.10     6.53    68.05        8.84     7.07    62.94       5.142
   27.76    11.02   -25.17       29.42    12.24   -27.26       2.937
   28.61    15.33     9.63       30.58    17.05    11.65       3.308
   -3.39     4.57    -7.19       -4.92     8.97    -7.53       4.665
   17.84     8.43    59.67       18.76     7.58    62.77       3.343
    3.07     6.87   -10.51        1.97     9.93   -11.64       3.439
   -4.82     3.96    24.05       -9.00     3.02    25.16       4.428
   19.76    22.94   -12.33       20.39    25.64   -12.55       2.781
   27.01     9.81   -25.46       29.03    11.53   -28.03       3.693
   -0.88    -7.42   -30.03       -0.83    -7.40   -30.07       0.073
    7.56   -12.53     5.60        7.55   -12.60     5.62       0.075
   24.80     1.30    18.09       28.76    -0.24    19.84       4.596
  -32.92   -29.78   -19.10      -32.18   -28.62   -19.35       1.403
    9.98    -4.34    47.96       10.27    -6.52    48.06       2.203
   20.00    13.69    36.24       22.37    14.99    36.86       2.772
  -41.46   -21.59   -36.82      -38.86   -20.09   -35.74       3.199
  -18.72   -23.93   -50.24      -19.61   -22.20   -46.23       4.447
   -9.07   -27.51   -15.35       -9.73   -26.75   -16.04       1.220
   19.02     4.84   -18.63       16.27     5.65   -20.94       3.678
   10.08    15.93     4.25        3.52    18.92     1.19       7.830
  -27.86     3.32   -47.56      -26.55     1.45   -44.64       3.705
    7.70    15.40    66.56        7.73    15.45    63.19       3.364
   28.52    -3.12     7.85       29.28    -6.92     8.86       3.999
   22.13    -5.18    12.56       22.58    -6.69    12.92       1.619
   22.14     2.76    25.85       26.03     0.90    27.77       4.715
   36.38    11.26    -7.60       37.29    11.58    -7.67       0.967
   19.19    21.89    38.80       18.02    20.88    38.44       1.590
  -26.79    10.79   -35.38      -26.55     9.59   -34.71       1.394
   20.61     7.05   -20.65       16.48     6.68   -21.54       4.237
  -36.58   -10.85    -8.79      -36.33   -10.75    -9.04       0.367
    9.39   -14.97   -18.02        9.05   -14.28   -17.67       0.845
  -12.11   -29.38   -16.82      -12.15   -28.51   -17.36       1.028
   -6.23    13.35    37.81       -8.14    12.49    39.09       2.451
  -31.24   -16.46   -53.05      -29.95   -16.32   -47.11       6.084
  -37.70     5.93   -25.60      -37.14     5.29   -25.66       0.856
  -27.69   -33.40   -37.90      -26.69   -29.91   -35.82       4.186
   26.63     2.51   -21.91       32.11     2.21   -25.44       6.519
   12.74    20.20    29.27       12.75    22.64    29.73       2.482
   33.10    14.13   -17.74       33.46    14.33   -17.84       0.422
    4.28    -6.44   -24.08        4.52    -6.37   -24.45       0.446
    3.98     6.15   -14.20        4.73     7.70   -15.73       2.306
   -1.94    10.25    43.43       -6.73    10.94    44.04       4.875
  -40.92   -22.72   -29.01      -39.90   -22.05   -28.85       1.233
   -2.83     5.26    12.32      -10.15     9.19    10.29       8.547
   -0.37    11.58    43.64       -6.47    12.44    44.44       6.202
    6.21    -2.47   -22.92        6.22    -2.47   -22.97       0.053
  -35.37    -0.73   -48.07      -33.33    -2.41   -43.62       5.179
   -3.41     5.80    16.55      -11.36     6.44    17.26       8.010
  -43.14    -6.10   -29.79      -43.16    -6.10   -29.80       0.012
  -44.35    -7.52   -20.41      -43.31    -7.46   -20.76       1.095
   13.08   -11.47   -16.02       13.07   -13.02   -17.29       2.003
   18.74   -11.89    10.50       17.93    -8.83     9.68       3.264
   25.35     4.30    17.71       29.81     4.13    19.91       4.971
  -15.20   -25.40   -10.37      -15.28   -24.89   -10.98       0.802
   10.05    -4.51    43.69       10.28    -6.48    43.65       1.990
   24.33    -8.47    -2.14       24.62   -10.95    -0.90       2.788
  -28.83    10.67   -26.19      -28.82    10.66   -26.19       0.008
  -22.76     4.72   -45.88      -22.81     3.33   -43.90       2.427
   -1.21     1.43    49.48       -5.88    -0.16    49.59       4.939
   -0.05   -16.26   -31.29        0.07   -16.28   -31.30       0.126
   -3.79    -2.51   -32.19       -3.47    -2.31   -32.19       0.375
  -17.51    11.85   -24.03      -17.51    11.85   -24.03       0.009
    8.41    -9.52    28.54        8.02    -7.05    28.36       2.504
   26.49     4.42    15.92       30.70     4.20    18.22       4.800
    6.92    17.76    61.44        7.05    18.48    62.02       0.933
   -2.94    -3.31    16.28       -6.73    -7.37    17.28       5.642
   -0.66     0.51    56.04       -4.89    -2.40    56.02       5.135
  -11.88   -30.80   -34.82      -12.44   -29.75   -34.25       1.322
