15 "PA3-A-OurOutput-Octree.txt"
    7.03    14.58    63.16        4.25    17.03    63.20       3.704
   -7.01     6.33    41.53       -7.09     6.21    40.94       0.612
  -11.50   -16.33   -46.06      -11.50   -16.33   -46.06       0.001
  -20.88    10.66   -35.29      -20.17    11.23   -34.49       1.214
   26.17     6.27    31.06       25.97     6.90    31.65       0.883
   -9.28     8.21   -16.00       -8.42     8.28   -16.16       0.877
   -7.29     5.53    35.95       -7.38     5.34    34.55       1.411
  -21.74   -10.79   -48.90      -20.38   -12.64   -49.20       2.321
   18.90   -16.77   -13.39       19.88   -16.04   -15.79       2.700
   -0.15     8.30   -15.85        0.11     7.83   -17.47       1.706
  -31.89   -28.49   -34.01      -32.07   -29.05   -32.45       1.660
   17.40     1.49   -22.52       17.40     1.49   -22.52       0.000
  -14.12   -18.44    -7.00      -12.61   -19.22    -8.22       2.087
   -4.90    -2.35    55.19       -5.37    -1.68    55.35       0.838
  -44.07    -7.52   -24.32      -44.08    -7.51   -24.32       0.001
