20 "PA3-H-OurOutput-Octree.txt"
   36.25    -7.33   -17.71       34.60    -5.18   -16.96       2.811
    8.36   -17.95   -17.08        7.31   -15.82   -16.41       2.467
    2.19    17.83     5.38        1.03    18.02     4.43       1.510
   40.28     1.02     3.85       39.12     1.58     3.88       1.294
   15.74    22.17    39.48       15.56    21.72    39.36       0.494
    9.46   -15.40   -20.63        8.43   -13.57   -19.18       2.558
   39.69     6.09    -6.69       39.19     6.71    -8.39       1.875
  -38.00    -8.69   -38.92      -39.72    -8.64   -39.38       1.786
   28.63    17.94   -22.79       28.25    17.46   -23.79       1.180
   -7.58     1.13   -36.19       -6.72     1.77   -37.69       1.849
   -0.62    -0.60    62.82       -0.61    -0.60    63.40       0.582
   22.08    12.87    54.96       20.68    13.38    54.14       1.701
   -4.45    15.17     9.92       -0.59    18.03     6.27       6.037
  -29.41   -11.63   -47.03      -29.59   -12.58   -47.33       1.013
   19.42    18.29    51.46       19.57    15.85    51.24       2.447
  -25.96     0.82   -41.81      -26.49     2.40   -43.86       2.638
  -10.65   -14.87   -46.62      -10.82   -14.75   -46.34       0.351
   -4.03     4.00    61.81       -5.89     2.29    62.27       2.568
  -41.04   -14.03   -14.22      -40.64   -14.05   -15.48       1.327
   17.16   -20.04   -10.15       16.38   -17.78    -8.82       2.731
