200 "PA4-H-OurOutput-Linear.txt"
  -30.21     8.40   -31.58      -30.40     9.01   -31.84       0.683
  -16.08   -31.09   -18.26      -16.26   -30.48   -18.52       0.684
   -6.68     6.70   -21.21       -6.47     7.39   -21.28       0.728
   21.34     5.22    54.17       21.81     5.13    54.24       0.476
   -4.75   -25.19   -19.32       -5.02   -24.93   -19.45       0.396
  -10.13   -23.85   -40.98      -10.07   -23.92   -41.05       0.112
  -27.76   -30.01   -15.87      -27.29   -29.42   -16.22       0.838
  -37.84   -22.14   -15.19      -37.24   -21.83   -15.52       0.749
   11.47    25.69    -2.93       11.38    25.81    -2.94       0.154
   11.25    11.67    63.87       11.23    11.66    63.14       0.731
   -7.10     0.41    53.96       -6.23     0.73    53.94       0.929
  -26.75    -2.00   -10.32      -26.65    -2.12   -10.50       0.236
   27.45    -0.83   -28.23       27.26    -1.10   -28.76       0.627
   -7.77     3.07   -35.46       -7.20     3.56   -35.77       0.807
   30.44    13.44    14.70       30.58    13.49    14.80       0.173
    8.05    20.13    54.85        7.96    20.40    54.89       0.287
   25.54    22.98   -16.64       25.83    23.56   -16.64       0.650
    7.21    21.73    -3.59        7.14    21.78    -3.61       0.093
   -3.89    20.00    39.51       -3.93    20.22    39.60       0.245
   -2.31    -7.27   -31.59       -1.73    -7.06   -31.84       0.674
   31.03    19.05    -6.83       31.52    19.48    -6.81       0.652
    8.45    20.08    57.16        8.33    20.44    57.17       0.381
    2.46    19.30     3.70        2.40    19.34     3.66       0.079
    8.73    25.63     6.30        8.58    25.98     6.29       0.379
    0.45   -17.40    -6.84        0.33   -16.76    -7.17       0.734
   32.42    10.82    13.67       32.38    10.81    13.64       0.062
   -6.14     1.59   -33.33       -5.71     1.78   -33.30       0.477
   27.77    15.94   -24.04       28.39    16.45   -24.58       0.960
  -41.13     0.01   -26.22      -41.24     0.08   -26.23       0.132
  -35.36     3.51   -15.35      -35.26     3.33   -15.50       0.250
   -5.69   -23.53   -36.24       -5.60   -23.60   -36.31       0.133
  -16.54   -31.09   -34.69      -16.60   -30.90   -34.60       0.214
   -7.62     3.19    57.55       -6.84     3.30    57.58       0.794
   21.05     1.89    51.85       21.32     1.78    51.89       0.299
   30.08     0.58   -27.01       30.43     0.33   -27.49       0.642
   36.31    -1.23    10.10       36.22    -1.19    10.05       0.106
   17.19    20.05   -28.54       17.53    20.58   -29.33       1.010
  -20.06   -28.04   -40.64      -20.05   -27.96   -40.58       0.099
   -7.79     5.95    60.54       -7.10     5.90    60.54       0.698
   34.33    -2.20   -19.90       34.74    -2.37   -20.10       0.485
  -41.54   -18.16   -29.63      -41.41   -18.12   -29.55       0.158
   -5.56     6.29   -21.94       -5.35     6.98   -22.01       0.722
    5.69    17.44    63.28        5.69    17.44    63.20       0.081
  -40.53   -21.26   -30.62      -40.17   -21.04   -30.53       0.432
   33.34    -5.46     9.28       33.17    -5.12     9.15       0.400
   -8.47    10.79    40.21       -7.59    10.92    40.03       0.903
   -7.24     9.85    47.28       -6.59     9.76    47.24       0.654
  -22.96   -25.87    -9.27      -22.81   -25.29    -9.91       0.878
  -22.31   -10.99    -3.68      -21.97   -10.86    -4.40       0.813
  -41.78    -9.18   -15.33      -41.33    -9.13   -15.54       0.507
   33.04    -7.35   -15.58       33.22    -7.48   -15.63       0.230
    8.78    12.73    -9.32        8.52    12.88    -9.76       0.526
    9.82    20.61    49.73        9.70    21.10    49.68       0.507
   15.15    -6.00    42.79       15.02    -5.61    42.77       0.412
   -3.13    15.56    51.36       -3.12    15.56    51.36       0.003
   15.04    10.69   -24.15       15.57    11.22   -24.29       0.765
   16.48    -4.51    51.06       16.45    -4.47    51.05       0.044
   33.24    -3.60    12.01       32.96    -3.35    11.71       0.477
   16.73    19.84   -28.89       17.07    20.36   -29.67       1.003
   21.15     6.32    56.29       21.73     6.21    56.37       0.592
   -8.39   -26.29   -36.36       -8.39   -26.29   -36.37       0.011
    2.20    22.03     9.40        1.97    22.41     9.19       0.493
   18.34   -15.30    -2.05       18.10   -14.83    -2.40       0.626
    0.52    -7.76    62.82        0.77    -6.85    62.42       1.022
   14.95    26.35    -3.47       14.88    26.92    -3.58       0.584
  -17.06   -17.44   -46.88      -16.98   -17.55   -47.29       0.434
   32.00    16.01    10.47       32.22    16.13    10.60       0.279
   31.63     0.97    16.35       31.47     1.01    16.25       0.189
   17.78    -6.29    26.64       17.64    -5.78    26.58       0.527
   27.74    -1.78    20.61       27.59    -1.65    20.54       0.210
   -7.30     3.13    61.48       -6.35     3.49    61.39       1.016
   38.93     4.77    -7.92       39.61     4.90    -8.10       0.719
  -16.93   -32.95   -26.89      -16.99   -32.35   -26.93       0.610
  -21.88    -9.85    -3.27      -21.54    -9.74    -3.86       0.689
  -11.04   -29.80   -32.44      -11.19   -29.51   -32.38       0.330
   21.18     7.20    55.85       21.85     7.20    55.90       0.672
   32.50     7.24    14.77       32.57     7.26    14.82       0.089
  -13.97    17.35    35.46      -13.40    17.18    34.96       0.782
    2.41    18.40     3.08        2.30    18.46     3.01       0.142
    1.95    22.98    25.95        2.03    23.60    26.02       0.633
   -5.64    21.49    16.71       -5.83    22.07    16.29       0.746
    5.71    19.61    51.60        5.59    19.92    51.63       0.333
  -17.17   -30.97   -35.26      -17.22   -30.78   -35.16       0.220
  -26.21    10.60   -21.97      -26.26    11.01   -21.86       0.433
   24.58     6.53    35.24       25.07     6.58    35.36       0.499
  -32.23   -21.06    -8.57      -31.87   -20.76    -9.24       0.817
   10.65    24.17    -5.85       10.47    24.35    -5.96       0.274
    7.61   -16.62    -5.81        7.72   -16.03    -5.91       0.609
   12.05    21.10    47.73       11.96    21.47    47.70       0.391
  -31.89    -7.29   -45.81      -32.14    -7.13   -46.23       0.516
    7.00   -16.60    -9.32        6.90   -16.06    -9.39       0.551
   -7.37     0.03    36.61       -6.55     0.21    36.50       0.844
   10.61    24.17    16.67       10.63    24.66    16.73       0.492
   33.46    16.28    -7.80       33.92    16.67    -7.78       0.604
   -0.75   -11.28    15.16       -0.71   -10.56    14.97       0.742
  -16.07   -12.17   -47.92      -16.07   -12.21   -48.44       0.529
   31.17    -2.85   -24.69       31.65    -3.02   -25.14       0.686
   23.21     6.47    42.64       23.78     6.49    42.72       0.573
    7.15   -16.59    -5.78        7.28   -15.94    -5.89       0.669
   -1.53    -7.22    36.68       -1.29    -6.34    36.46       0.941
   -6.49    13.91    10.09       -6.67    14.08     9.95       0.287
  -29.05   -14.04    -5.60      -29.01   -13.78    -6.31       0.750
   -9.03   -21.27   -42.31       -8.91   -21.39   -42.44       0.208
   25.74    22.39     7.82       25.93    22.86     7.94       0.519
  -16.96   -13.28   -47.97      -16.83   -13.32   -48.52       0.567
   25.14    11.28    29.57       25.64    11.44    29.69       0.533
  -25.84    -0.67   -11.07      -25.81    -0.74   -11.15       0.110
   16.68    19.51    43.52       17.30    20.03    43.67       0.831
  -33.05   -26.00   -37.97      -32.89   -25.80   -37.81       0.297
   20.39    13.22   -30.13       20.89    13.35   -30.91       0.932
  -23.38   -13.20   -48.11      -23.21   -13.08   -48.45       0.397
   -2.16    18.06     9.31       -2.39    18.24     9.10       0.358
   32.13    -1.72   -23.89       32.66    -1.85   -24.31       0.690
   -8.30     4.76    33.80       -7.45     5.00    33.62       0.910
  -11.95    -5.83   -46.33      -11.67    -5.62   -47.03       0.786
   -1.95     9.01    -9.71       -2.10     9.52    -9.82       0.544
  -12.21    17.12    17.23      -12.39    17.19    16.97       0.319
   25.81    20.37    13.72       26.06    20.76    13.87       0.485
   36.94     3.62   -13.23       37.66     3.75   -13.65       0.847
  -37.37     4.62   -27.90      -37.56     4.81   -27.93       0.267
   11.22    25.46    11.73       11.20    25.65    11.78       0.199
  -20.90    -5.41    -3.42      -20.44    -5.51    -3.71       0.552
    3.60   -10.64    16.97        3.50   -10.00    16.80       0.674
  -41.61   -15.73   -29.63      -41.78   -15.68   -29.74       0.209
   22.51    -8.84     7.48       22.38    -8.31     7.33       0.570
   12.95     6.99    63.81       13.01     7.04    62.97       0.848
  -30.18   -21.38    -7.64      -29.84   -21.08    -8.33       0.824
   -7.84     4.72    58.43       -7.08     4.76    58.43       0.754
    5.52    -8.15    27.21        5.42    -7.54    27.10       0.635
  -31.91    -8.83   -46.23      -32.11    -8.71   -46.70       0.520
  -39.61     2.31   -24.64      -39.70     2.37   -24.64       0.109
   -4.21    -7.54    30.34       -3.64    -6.77    30.17       0.967
   -4.06   -10.02    18.81       -3.78    -9.22    18.68       0.860
  -25.81   -29.94   -14.78      -25.61   -29.17   -15.10       0.856
    8.58   -15.33   -16.09        8.56   -15.29   -16.08       0.041
   10.71    14.49    63.87       10.69    14.48    63.13       0.740
  -15.88    20.23    24.40      -15.81    20.19    24.42       0.088
  -36.89   -20.38   -12.02      -36.32   -20.08   -12.42       0.760
  -25.76   -18.03    -6.06      -25.49   -17.88    -6.74       0.749
  -34.24   -27.25   -17.15      -33.72   -26.69   -17.45       0.825
   20.22    11.58    56.71       21.06    11.86    56.75       0.892
   29.08    -9.03   -21.31       29.20    -9.21   -21.44       0.255
  -16.15   -14.30   -47.88      -16.08   -14.46   -48.33       0.487
    8.88    -8.07   -21.14        9.15    -7.53   -21.85       0.927
  -22.03   -33.28   -24.39      -22.07   -32.66   -24.41       0.626
    5.50     2.15   -19.31        5.70     2.74   -20.02       0.946
   13.22    23.79   -10.95       13.03    24.13   -11.08       0.411
    3.50    -8.12    30.38        3.46    -7.50    30.35       0.618
  -15.11    -9.38   -47.50      -14.96    -9.22   -48.20       0.732
  -17.84     6.82   -39.43      -17.97     7.42   -39.91       0.775
   -7.59     3.14   -35.03       -7.02     3.62   -35.34       0.808
  -29.48     6.83   -36.17      -29.70     7.38   -36.38       0.624
   21.77   -14.21   -17.29       21.76   -14.36   -17.45       0.216
    5.14   -17.08    -9.25        4.99   -16.65    -9.33       0.463
   -1.84    16.50     7.05       -1.96    16.62     6.99       0.181
   23.54    -3.57    26.04       23.40    -3.39    25.99       0.230
   31.73    17.53   -13.93       32.36    18.03   -14.13       0.824
   23.14   -15.92   -12.02       23.04   -15.75   -12.02       0.195
  -13.40     1.53   -42.90      -13.17     2.04   -43.58       0.877
   26.38    22.48     5.09       26.66    23.05     5.14       0.631
   -5.20    19.90    39.18       -5.24    20.12    39.27       0.244
   -4.89    -1.01   -34.22       -4.43    -0.74   -34.23       0.536
   12.25    10.27    63.87       12.24    10.27    63.13       0.737
    5.51    20.27    42.16        5.46    20.65    42.22       0.391
   28.99    12.35    18.13       29.20    12.42    18.24       0.241
   -6.64     9.48     1.54       -6.81     9.73     1.49       0.310
   10.85   -14.87     2.48       10.83   -14.10     2.18       0.829
  -16.28     7.89   -16.19      -16.29     8.15   -16.03       0.307
   -3.85    17.92    10.99       -4.07    18.10    10.77       0.357
   -6.32    16.22    12.24       -6.46    16.30    12.14       0.199
   18.37   -10.01     7.71       18.14    -9.57     7.48       0.546
   26.06    -5.53    15.87       25.90    -5.09    15.76       0.483
  -11.59    -9.85   -46.72      -11.41    -9.90   -47.32       0.632
   -9.34   -26.64   -15.32       -9.63   -26.30   -15.63       0.551
  -14.36    22.02    23.74      -14.43    22.07    23.72       0.090
  -10.39   -12.85     1.40      -10.18   -12.06     1.00       0.904
  -42.75    -9.41   -17.38      -42.25    -9.36   -17.61       0.555
   -9.45   -11.32     4.05       -9.03   -10.55     3.68       0.953
   15.85    24.36   -18.48       15.77    24.53   -18.48       0.186
   -9.79   -10.28     5.78       -9.36    -9.51     5.40       0.958
   24.74    23.50     2.85       25.02    24.06     2.90       0.629
    1.28    -7.92    61.06        1.45    -7.11    61.07       0.827
  -39.37     2.58   -26.35      -39.49     2.66   -26.35       0.143
   16.05    -3.45    62.34       15.84    -3.27    61.98       0.452
   10.87    20.88    46.60       10.78    21.22    46.63       0.353
  -22.44   -24.94    -8.37      -22.30   -24.39    -8.98       0.836
   25.86    17.57    17.76       26.25    17.90    17.91       0.534
  -11.30    -4.28   -45.10      -10.83    -3.95   -45.67       0.812
  -41.26   -15.82   -30.16      -41.44   -15.76   -30.29       0.220
  -16.19    19.84    24.75      -16.01    19.81    24.74       0.188
    1.96    19.66     5.17        1.76    19.85     5.02       0.313
   -8.00   -26.45   -16.65       -8.27   -26.14   -16.88       0.471
  -35.87     0.05   -12.88      -35.66    -0.08   -13.09       0.328
   23.44   -11.03     1.04       23.27   -10.48     0.79       0.622
  -34.92     0.94   -39.49      -35.21     1.25   -39.85       0.564
  -16.52    19.45    25.19      -16.07    19.37    25.18       0.457
   21.82    -3.05   -24.66       21.59    -3.05   -24.91       0.341
   -9.24   -25.72   -14.20       -9.46   -25.27   -14.47       0.574
   -4.62     8.42   -10.65       -4.73     8.92   -10.67       0.518
  -43.02   -17.15   -23.80      -42.45   -16.93   -23.86       0.615
