200 "PA4-J-OurOutput-KDTree.txt"
  -29.98     6.19   -39.50      -29.88     5.81   -39.22       0.487
  -34.82     2.97   -14.06      -34.64     2.65   -14.29       0.433
   35.73    -2.01     8.07       36.32    -2.53     8.29       0.814
   12.98    14.78   -16.03       13.70    14.89   -16.14       0.735
  -29.29   -23.90   -43.22      -29.21   -23.70   -42.95       0.347
   12.99    17.61   -30.30       13.18    17.67   -30.16       0.245
    4.10   -12.51   -23.21        4.46   -12.72   -23.50       0.507
  -39.89   -22.34   -21.35      -39.52   -22.08   -21.40       0.451
   25.99    16.29    18.96       26.49    16.57    19.20       0.622
   -3.21   -20.65   -15.34       -2.98   -21.14   -15.21       0.551
   -7.53    -3.70   -42.50       -7.43    -3.62   -42.63       0.181
  -41.12    -6.40   -37.36      -40.23    -6.43   -37.23       0.903
  -40.03    -4.59   -38.62      -39.50    -4.75   -38.31       0.628
  -16.90    15.55    29.83      -16.19    15.60    29.62       0.747
    8.68    -2.40    63.18        8.68    -2.39    63.39       0.207
  -44.73    -8.08   -23.66      -44.08    -8.21   -23.86       0.693
  -12.48   -29.40   -33.33      -12.27   -29.84   -33.42       0.504
   -5.34   -24.53   -19.90       -4.92   -24.95   -19.71       0.623
   38.49     2.48     4.61       39.32     2.25     4.65       0.865
   10.66    -6.25    47.05       10.69    -6.49    47.05       0.240
   15.88    26.46     7.96       15.87    26.36     7.94       0.103
   22.13   -10.22   -22.62       22.18   -10.13   -22.53       0.139
   10.31    -6.66    24.63       10.35    -7.06    24.67       0.406
   39.08     2.49    -4.95       39.85     1.94    -4.85       0.949
   15.36   -17.17    -7.59       15.38   -17.59    -7.51       0.429
   19.50    22.88   -26.51       19.47    22.80   -26.46       0.100
  -41.04   -16.06   -32.74      -40.32   -15.98   -32.37       0.817
   -2.19   -19.39   -34.93       -1.88   -19.63   -35.17       0.458
    9.25   -15.26    -1.84        9.15   -15.54    -1.79       0.300
   21.32    25.63    -8.67       21.28    25.52    -8.67       0.122
   14.74    10.23   -19.31       15.46    10.36   -19.17       0.737
  -26.06   -31.11   -33.87      -26.07   -31.13   -33.88       0.018
   33.11    -5.13     6.19       33.66    -5.73     6.20       0.822
   10.58    -6.66    26.78       10.60    -6.78    26.79       0.121
   -6.50    -0.24    48.54       -5.94    -0.05    48.53       0.592
   -6.70    14.47     9.12       -6.24    14.12     9.39       0.641
  -39.34     0.74   -17.55      -39.02     0.42   -17.81       0.516
  -43.25   -16.64   -25.32      -42.89   -16.47   -25.37       0.405
   17.81    -1.09    58.50       18.37    -1.60    58.58       0.766
   -6.72   -26.96   -27.08       -6.38   -27.43   -27.15       0.585
   -6.23    -1.79    42.63       -5.56    -1.54    42.57       0.727
   23.70     2.98    36.28       24.39     2.87    36.45       0.718
   17.69     4.90   -24.28       18.10     5.13   -23.97       0.566
   17.96    20.09    38.47       18.36    20.38    38.55       0.499
   -0.19    17.38     3.75        0.14    16.99     4.08       0.607
   33.10    16.90   -11.64       33.40    17.14   -11.66       0.381
   -5.46    18.02    43.34       -5.23    17.60    43.18       0.503
  -39.69   -20.39   -35.15      -39.17   -20.10   -34.94       0.626
   19.90     7.25   -29.00       20.24     7.37   -28.64       0.507
   31.20     2.20    15.67       31.82     2.00    16.17       0.829
   20.85    10.72   -30.60       20.88    10.76   -30.54       0.077
  -34.24   -17.57    -9.44      -34.30   -17.62    -9.38       0.097
  -38.34    -2.06   -39.90      -37.88    -2.27   -39.55       0.619
   -1.59    24.02    16.40       -1.49    23.48    16.50       0.559
  -16.97     1.72    -0.65      -16.55     1.35    -0.87       0.600
    6.82    21.66    40.21        6.92    21.18    40.22       0.489
   -7.42     2.70    38.45       -6.74     2.79    38.44       0.689
   17.10    26.03     7.85       17.13    26.15     7.87       0.127
   17.32    16.43    57.44       17.77    16.83    57.50       0.609
   -6.76   -14.95    -3.20       -6.78   -15.09    -3.11       0.163
  -36.91     2.21   -15.15      -36.55     2.00   -15.41       0.493
   -2.45     2.08   -25.77       -2.28     2.23   -25.89       0.256
    2.27    -2.98   -24.80        2.27    -2.98   -24.80       0.002
  -42.44    -1.38   -22.96      -41.85    -1.71   -23.09       0.692
   12.73    24.60   -11.07       12.97    24.17   -10.90       0.529
   -4.44    22.46    34.97       -4.44    22.48    34.97       0.022
  -12.99   -28.08   -17.52      -12.79   -28.53   -17.25       0.563
   23.47    24.99    -6.48       23.41    24.86    -6.48       0.148
    6.43   -16.10   -13.58        6.49   -16.44   -13.58       0.350
   23.15     1.76    37.15       23.76     1.50    37.29       0.682
  -16.16     3.62    -5.93      -15.89     3.27    -6.08       0.464
  -42.72   -13.41   -18.33      -42.22   -13.29   -18.48       0.541
  -26.24    -4.21    -8.57      -26.15    -4.33    -8.73       0.224
   13.94    -6.34    24.04       13.99    -6.69    24.07       0.355
   38.73     2.00    -4.64       39.46     1.46    -4.54       0.913
   27.26    11.84    20.94       28.02    12.05    21.19       0.823
   23.84    16.90    24.44       24.42    17.20    24.64       0.682
   28.53     9.91   -29.38       28.58     9.95   -29.44       0.092
  -15.50    -7.65     1.69      -15.30    -7.49     1.55       0.294
  -30.10   -13.84   -47.37      -29.95   -13.84   -47.17       0.253
   -8.27   -22.65   -39.75       -7.95   -22.96   -40.02       0.517
  -16.17    -0.13     3.04      -15.67    -0.18     2.85       0.536
  -43.94    -6.21   -20.66      -43.42    -6.18   -20.83       0.546
   -3.75    15.19     5.16       -3.14    14.62     5.48       0.891
  -11.40   -28.22   -18.64      -11.12   -28.77   -18.50       0.632
   32.25    -7.05   -13.00       32.84    -7.66   -12.88       0.861
  -36.66   -21.90   -38.78      -36.29   -21.63   -38.54       0.520
    4.78   -12.51     4.06        4.76   -12.73     4.12       0.226
  -28.58   -25.38   -11.20      -28.57   -25.38   -11.20       0.004
  -41.00   -14.11   -31.84      -40.29   -14.23   -31.66       0.738
   30.12    16.92    11.49       30.42    17.19    11.70       0.457
  -10.45     9.33   -21.43      -10.41     9.42   -21.42       0.098
   31.17    -7.39    -3.39       31.82    -7.85    -3.36       0.806
   -3.44     6.12    63.22       -3.44     6.13    63.33       0.108
  -44.28   -12.49   -23.86      -43.74   -12.44   -23.98       0.558
   -2.09     5.71   -22.07       -2.12     5.58   -21.95       0.180
   -7.43     9.24    50.85       -6.50     9.02    50.82       0.952
   -1.48    -0.17   -26.00       -1.28    -0.06   -26.19       0.304
   19.82     4.19   -26.98       20.18     4.38   -26.80       0.443
   18.37   -16.81    -7.55       18.46   -17.19    -7.51       0.393
   -6.43    10.90    53.68       -5.96    10.72    53.65       0.506
   28.74     3.45    20.17       29.47     3.42    20.53       0.814
  -15.03    -1.36   -46.96      -15.08    -1.44   -46.75       0.228
   18.91    15.59    51.43       19.42    15.96    51.55       0.639
    2.47    -7.23    30.24        2.49    -7.57    30.25       0.347
   22.44    10.57    44.73       23.09    10.70    44.80       0.676
   -3.12    14.25     2.72       -2.61    13.76     3.01       0.763
   31.98    16.71     9.22       32.35    16.97     9.38       0.478
   -6.88     2.79   -35.30       -6.59     3.04   -35.46       0.416
  -12.36     8.62   -34.34      -12.35     8.64   -34.35       0.018
   27.29    22.82    -5.41       27.39    22.95    -5.40       0.164
   -1.69   -15.94   -36.14       -1.29   -16.09   -36.38       0.489
   24.12   -10.15    -0.43       24.18   -10.67    -0.20       0.564
   -8.90   -12.00     0.73       -8.96   -12.32     0.91       0.374
  -22.70    -9.84    -4.40      -22.64    -9.82    -4.52       0.140
    1.76     0.80    63.30        1.75     0.79    63.45       0.147
   22.99     1.86    37.46       23.71     1.55    37.61       0.803
    4.29   -11.97     9.49        4.26   -12.13     9.51       0.165
   18.18    21.95    26.05       18.31    22.20    26.10       0.290
   -9.90     8.00    30.66       -9.51     8.28    30.57       0.484
   11.25     3.04    62.88       11.25     3.04    63.04       0.153
   -4.58    24.21    19.88       -4.56    24.04    19.93       0.175
    0.72    -3.82   -26.14        0.93    -3.74   -26.40       0.341
  -11.40   -27.78   -36.21      -11.21   -28.10   -36.35       0.399
   34.92    -3.07    -8.44       35.51    -3.72    -8.37       0.878
   16.87    23.01    24.03       16.86    22.91    24.03       0.104
  -37.76   -11.02   -43.36      -37.30   -11.04   -43.00       0.584
   -2.80     0.83   -27.23       -2.57     0.93   -27.39       0.296
   11.53    -7.47    17.84       11.63    -7.88    17.89       0.429
   14.71    -6.28    22.37       14.77    -6.75    22.42       0.475
   10.43    21.87    41.32       10.46    21.66    41.27       0.217
   15.84    19.87   -30.61       15.83    19.85   -30.58       0.039
  -19.01   -31.71   -32.09      -18.94   -32.13   -32.19       0.440
   28.49    21.34   -18.42       28.50    21.37   -18.43       0.030
   -7.36     9.55    55.99       -6.45     9.27    56.00       0.960
   27.06    -0.47   -29.00       27.06    -0.47   -29.00       0.003
  -15.29    13.79    19.24      -14.75    13.97    19.66       0.708
   -8.59    14.28    11.47       -8.28    13.97    11.75       0.519
   37.68     0.25     0.84       38.34    -0.05     0.89       0.728
    2.98   -13.16     0.10        2.96   -13.32     0.13       0.162
    8.85   -15.76   -10.27        8.83   -15.99   -10.29       0.235
  -35.11     7.66   -29.41      -34.67     7.09   -29.30       0.719
   37.41    11.39    -4.13       37.84    11.63    -4.20       0.506
  -37.42     5.94   -25.76      -36.98     5.44   -25.80       0.666
   -7.42   -19.84   -10.28       -7.25   -20.10    -9.87       0.520
    1.71    -9.26    20.04        1.78    -9.54    20.09       0.294
  -16.08   -10.23    -0.97      -16.03   -10.16    -1.02       0.092
    8.09    -5.48   -22.48        8.09    -5.50   -22.51       0.036
   30.48    16.39    11.86       30.71    16.59    12.03       0.348
  -15.84   -27.42   -39.65      -15.78   -27.67   -39.81       0.295
   22.06    14.26    36.28       22.69    14.61    36.44       0.746
  -11.91   -27.23   -37.79      -11.75   -27.50   -37.98       0.367
  -18.35    -0.40    -1.11      -17.61    -0.64    -1.26       0.795
   30.00    18.70    10.03       30.25    18.88    10.22       0.360
   -2.45    -5.94    37.54       -2.40    -5.81    37.53       0.133
   -4.87    24.67    22.88       -4.90    24.56    22.90       0.116
  -10.07   -28.73   -29.65       -9.74   -29.21   -29.76       0.596
    1.26    19.58    47.56        1.27    19.21    47.47       0.384
  -16.53   -15.48   -47.98      -16.53   -15.47   -47.98       0.009
   -6.27    16.06     9.78       -5.58    15.60    10.16       0.904
   -0.81   -10.06   -30.70       -0.25    -9.96   -30.81       0.585
   -0.93    18.02    51.88       -0.66    17.61    51.81       0.499
  -27.12     7.91   -38.18      -26.98     7.56   -37.93       0.455
   24.05   -12.97    -6.74       24.38   -13.61    -6.61       0.740
   37.31     9.53    -9.63       37.74     9.69    -9.79       0.485
  -12.66   -30.33   -29.19      -12.49   -30.84   -29.26       0.540
   -0.79   -16.80   -33.40       -0.29   -16.87   -33.67       0.581
  -29.11     8.91   -17.92      -29.02     8.59   -18.10       0.378
   -2.64    -5.28    50.68       -2.45    -5.04    50.69       0.314
   -0.52    11.93    63.13       -0.54    11.95    63.21       0.080
   17.63     6.27    62.47       17.70     6.32    62.76       0.295
    0.11   -10.99    10.77        0.11   -11.14    10.79       0.154
  -12.94   -29.94   -32.46      -12.80   -30.35   -32.56       0.445
  -29.10    -3.97   -47.21      -28.88    -4.19   -46.79       0.530
  -21.67   -20.47    -7.18      -21.67   -20.59    -6.97       0.251
   -5.81    10.72    -0.98       -5.48    10.21    -0.89       0.610
  -22.57   -12.17   -49.33      -22.53   -12.10   -49.16       0.192
   11.75    23.92    22.59       11.74    23.73    22.56       0.190
   29.27    17.07    12.92       29.53    17.27    13.12       0.380
  -29.67   -25.49   -41.21      -29.60   -25.34   -41.07       0.220
  -18.93   -17.54   -47.67      -18.93   -17.54   -47.68       0.009
   19.78    26.02   -11.92       19.79    25.82   -11.91       0.203
  -10.00    23.40    19.10       -9.88    23.07    19.34       0.422
  -29.64   -27.47   -38.54      -29.60   -27.38   -38.49       0.109
   -5.07    18.99    11.78       -4.81    18.69    12.11       0.517
   -7.65     7.70    50.35       -6.85     7.55    50.35       0.815
   19.17    15.06    52.88       19.54    15.32    52.97       0.463
   -5.91    -2.19    41.88       -5.46    -1.98    41.84       0.504
   35.39     7.55   -17.94       35.88     7.66   -18.15       0.546
   13.10    -1.75    62.90       13.10    -1.74    63.06       0.160
   24.21    23.85     6.49       24.24    23.92     6.50       0.079
  -19.21   -10.00   -49.30      -19.24   -10.05   -49.16       0.148
   -5.70   -24.59   -19.58       -5.30   -25.12   -19.31       0.718
   -3.36     4.87    63.23       -3.36     4.87    63.36       0.129
   -4.19   -16.61   -39.50       -3.86   -16.80   -39.83       0.508
   18.66    17.67   -30.67       18.66    17.62   -30.54       0.142
   36.65     4.41   -14.23       37.08     4.46   -14.42       0.472
  -25.40     4.94   -14.13      -25.40     4.94   -14.12       0.012
  -13.82    -0.36     8.94      -13.35    -0.29     8.75       0.516
    3.35   -16.74   -10.29        3.55   -17.30   -10.19       0.602
