200 "PA4-B-OurOutput-Linear.txt"
   37.85     3.05   -13.55       37.85     3.05   -13.55       0.006
   38.67     8.62    -6.60       38.79     8.66    -6.62       0.132
   16.36    22.49    28.23       16.36    22.49    28.23       0.006
   13.00    21.02    53.73       13.00    20.95    53.71       0.066
   24.91    23.44   -19.80       24.89    23.39   -19.78       0.054
   -8.83   -12.59    -0.17       -8.87   -12.84    -0.04       0.286
   29.17    19.30   -21.45       29.11    19.26   -21.39       0.097
   19.14    18.07    42.17       19.25    18.16    42.19       0.141
   17.27   -11.57     3.40       17.46   -11.88     3.57       0.398
   37.19    -1.14    -0.63       37.32    -1.28    -0.64       0.189
  -15.87   -29.68   -17.95      -15.77   -30.03   -17.81       0.391
   31.63    19.16    -8.23       31.75    19.27    -8.23       0.159
   29.52    14.26    15.20       29.74    14.40    15.26       0.265
  -42.15   -17.67   -22.18      -42.01   -17.62   -22.20       0.150
    0.08   -11.56     6.68        0.06   -11.72     6.70       0.172
  -42.09   -14.10   -18.24      -41.97   -14.07   -18.27       0.128
  -32.96     8.72   -29.05      -32.77     8.40   -28.99       0.375
  -17.02   -30.42   -18.92      -16.85   -30.77   -18.77       0.412
   18.99    -0.28    59.58       19.24    -0.41    59.61       0.279
   16.84   -15.35    -3.02       17.00   -15.67    -2.79       0.424
   31.21    -5.42     9.95       31.34    -5.69    10.05       0.320
   31.10    12.63   -25.09       31.05    12.59   -25.06       0.071
   30.77     5.52    17.29       31.16     5.50    17.50       0.440
    4.35    10.70   -11.88        4.36    10.41   -11.70       0.337
   -2.18    18.60    44.80       -2.18    18.60    44.80       0.006
   32.57    18.28     3.32       32.69    18.39     3.33       0.161
   -7.37     1.28    32.40       -7.21     1.30    32.39       0.164
  -19.29    -7.69    -3.12      -19.40    -7.73    -2.93       0.224
    2.26    -7.65    27.61        2.31    -7.93    27.67       0.291
  -22.18   -13.34   -49.20      -22.10   -13.22   -48.83       0.392
  -21.23   -32.54   -29.79      -21.23   -32.70   -29.79       0.161
    0.91    -3.44   -26.54        0.81    -3.48   -26.42       0.163
   31.76     0.94    15.02       32.13     0.82    15.32       0.495
   -8.31     8.83    35.70       -8.27     8.84    35.69       0.040
   -0.64    -9.94   -31.55       -0.57    -9.91   -31.59       0.081
  -18.69   -29.44   -38.18      -18.69   -29.44   -38.19       0.002
   -1.59   -10.70    11.84       -1.61   -10.85    11.85       0.152
   36.54     3.66   -15.76       36.61     3.66   -15.78       0.076
   -7.88    -9.71     6.18       -7.93    -9.82     6.22       0.127
   -9.56    13.85    37.58       -9.65    13.83    37.65       0.118
    1.75    14.65    -2.87        2.00    14.38    -2.72       0.405
  -16.64     5.26   -11.65      -16.62     5.19   -11.68       0.074
   17.76    17.24    53.84       17.86    17.32    53.86       0.127
  -41.86   -13.33   -17.42      -41.80   -13.32   -17.45       0.068
   34.72    15.47    -7.99       34.88    15.60    -7.98       0.209
  -35.83   -14.63   -44.50      -35.58   -14.48   -44.20       0.419
   23.98    -7.23     8.92       23.98    -7.43     8.98       0.212
  -23.36   -14.79   -48.77      -23.37   -14.75   -48.40       0.372
    1.57    19.08    50.05        1.61    18.93    50.03       0.153
   11.39    18.11   -23.39       11.51    18.15   -23.41       0.131
    8.61    22.71    -6.40        8.91    22.48    -6.21       0.423
    3.30     3.66   -20.93        3.20     3.51   -20.76       0.255
  -15.84   -28.15   -15.38      -15.69   -28.51   -15.15       0.452
   -4.86    13.75    51.47       -4.72    13.66    51.45       0.164
  -39.50     3.22   -27.47      -39.18     2.98   -27.44       0.398
   -1.07    -5.68    47.39       -1.11    -5.76    47.40       0.090
  -33.09     2.41   -13.78      -33.08     2.51   -13.68       0.145
   26.10     6.19    30.07       26.42     6.22    30.15       0.327
  -36.68    -6.85   -43.48      -36.33    -6.99   -43.08       0.548
   21.77   -11.48    -1.10       21.95   -11.78    -0.90       0.409
   -4.59   -23.09   -34.85       -4.48   -23.17   -34.90       0.144
  -31.38     8.29   -33.64      -31.16     7.94   -33.48       0.449
   35.76     4.65    10.55       36.13     4.67    10.88       0.501
   19.16    26.40    -6.01       19.14    26.29    -5.99       0.115
  -11.54     7.00    20.53      -11.52     7.00    20.53       0.024
  -32.20   -26.96   -16.48      -32.29   -27.12   -16.33       0.242
  -13.51   -11.53   -48.14      -13.58   -11.52   -48.01       0.150
   -7.99    -3.41    24.26       -7.92    -3.38    24.25       0.076
   34.00    14.50   -16.00       34.02    14.51   -16.01       0.026
   22.19    20.44    22.10       22.30    20.56    22.14       0.162
   17.68    16.88    57.13       17.73    16.93    57.13       0.074
  -30.30   -29.30   -34.71      -30.24   -29.20   -34.66       0.123
  -29.92     7.22   -37.76      -29.78     6.86   -37.56       0.432
    1.29    18.25    56.81        1.34    18.10    56.79       0.164
  -29.66    -4.79    -9.35      -29.67    -4.68    -9.13       0.249
  -21.11   -20.27   -47.37      -21.08   -20.14   -47.06       0.334
  -43.90    -5.56   -27.63      -43.59    -5.54   -27.62       0.317
   18.40    15.38   -31.66       18.43    15.37   -31.18       0.483
  -10.96   -18.27   -45.19      -11.12   -18.13   -44.92       0.351
   16.85    -4.39    44.93       16.99    -4.62    44.95       0.268
   15.03    22.06    35.08       15.03    22.08    35.09       0.024
   13.94    26.43    -6.24       13.98    26.21    -6.19       0.229
   -5.52    -1.59    57.49       -5.41    -1.56    57.49       0.114
  -34.56   -19.40   -10.86      -34.64   -19.44   -10.78       0.119
    7.99    24.15    20.34        8.00    24.07    20.33       0.080
    3.86    -9.77   -25.35        3.78    -9.75   -25.25       0.128
  -43.26   -12.72   -21.01      -43.06   -12.68   -21.05       0.207
   26.14   -12.30    -9.37       26.38   -12.55    -9.30       0.352
   -0.49    -7.27    30.71       -0.52    -7.44    30.74       0.177
   11.59    27.16     0.94       11.70    26.93     0.98       0.254
   30.60     7.83   -28.21       30.55     7.83   -28.16       0.071
    2.15    -7.73    27.39        2.21    -8.00    27.46       0.285
   15.91    18.28    57.71       15.93    18.31    57.72       0.038
   36.34     8.30   -14.92       36.55     8.33   -14.94       0.212
   15.31    24.45   -20.46       15.42    24.28   -20.45       0.195
   -6.93    -7.65    15.72       -6.95    -7.66    15.72       0.022
   12.25   -11.64     5.57       12.33   -11.95     5.80       0.397
   -2.84    -4.71    49.63       -2.83    -4.70    49.63       0.013
    3.10     9.26    62.93        3.10     9.28    63.37       0.438
  -13.13   -26.22   -40.65      -13.13   -26.22   -40.66       0.003
   33.24    17.18    -7.29       33.37    17.29    -7.28       0.178
  -29.85   -30.70   -30.28      -29.83   -30.66   -30.27       0.047
  -17.30     1.45    -2.65      -17.13     1.31    -2.70       0.233
   29.49     4.66   -29.09       29.36     4.63   -28.88       0.245
   15.66    -9.25   -21.64       15.65    -9.08   -21.46       0.251
    7.44    -8.06   -23.29        7.36    -8.23   -23.06       0.294
   -3.41    18.46     9.57       -3.11    18.23     9.85       0.473
  -34.54   -28.10   -25.49      -34.50   -28.06   -25.50       0.058
    4.68    -7.15    32.30        4.66    -7.34    32.30       0.191
   17.98    -5.39    27.35       18.04    -5.59    27.37       0.211
  -43.61    -6.27   -20.91      -43.46    -6.26   -20.96       0.164
   -6.89   -27.26   -25.04       -6.69   -27.55   -25.01       0.354
    8.29    -7.16    23.93        8.33    -7.36    23.95       0.206
   22.52   -13.93    -5.07       22.75   -14.27    -4.98       0.421
   18.15    -5.38    27.00       18.21    -5.59    27.02       0.216
   20.67    20.73    26.67       20.71    20.79    26.68       0.076
   -8.07   -26.41   -35.25       -7.97   -26.58   -35.33       0.217
  -11.76   -13.21   -47.38      -11.84   -13.18   -47.12       0.276
  -38.71   -10.44   -41.98      -38.34   -10.41   -41.65       0.501
   20.19    -8.49     7.71       20.25    -8.74     7.77       0.260
    0.13    -6.20    50.15        0.09    -6.28    50.15       0.081
  -18.82   -10.99   -49.49      -18.89   -10.96   -49.20       0.297
   21.57    -7.02    11.79       21.65    -7.28    11.87       0.283
  -22.88   -13.07   -49.13      -22.80   -12.95   -48.77       0.390
   -6.43   -18.18   -42.05       -6.40   -18.18   -42.09       0.046
   -4.57   -15.57    -4.55       -4.54   -15.88    -4.38       0.353
  -33.88   -21.67   -11.80      -33.97   -21.73   -11.71       0.134
   35.12    -4.30   -15.85       35.35    -4.44   -15.85       0.274
   12.14    17.94   -29.67       12.50    18.04   -29.40       0.458
   -7.08     8.33    45.01       -6.92     8.32    44.99       0.159
   -3.69    -8.04    24.30       -3.73    -8.11    24.31       0.080
   21.89    12.25    47.43       22.07    12.31    47.45       0.195
   -7.33     1.77    33.10       -7.17     1.78    33.08       0.166
  -33.94     8.28   -25.70      -33.77     8.01   -25.71       0.313
   -4.56     4.36   -26.54       -4.60     4.32   -26.51       0.063
   -6.48     0.55    39.78       -6.34     0.59    39.77       0.147
   13.54     8.21   -16.91       13.93     8.08   -16.66       0.483
  -36.39   -17.43   -11.11      -36.52   -17.49   -11.01       0.176
  -34.52   -13.12   -46.23      -34.29   -13.01   -45.85       0.458
   19.10    25.59   -20.40       19.11    25.51   -20.41       0.083
  -42.20   -18.50   -28.55      -41.99   -18.43   -28.44       0.238
  -32.78     7.85   -20.25      -32.66     7.68   -20.31       0.214
   -7.92    -4.69    21.52       -7.86    -4.66    21.51       0.069
   -5.21    24.69    27.88       -5.21    24.67    27.88       0.024
   -2.07    -6.17    35.44       -2.12    -6.35    35.49       0.194
   18.94   -15.73    -4.79       19.01   -16.04    -4.51       0.416
   17.63    24.93   -24.41       17.66    24.74   -24.37       0.199
  -38.44   -15.26   -41.33      -38.07   -15.18   -41.04       0.475
    9.09    23.22    -6.54        9.39    22.99    -6.35       0.419
   28.85    10.94    19.30       29.14    11.05    19.42       0.333
   27.38    -0.00    21.84       27.71    -0.15    22.01       0.403
   13.65    -7.17    18.62       13.68    -7.36    18.64       0.199
   20.27   -12.12    -0.66       20.45   -12.43    -0.48       0.402
   -1.11   -11.34   -34.81       -0.89   -11.30   -34.85       0.230
    7.94    25.80     6.75        7.98    25.70     6.73       0.117
   -0.64     0.00   -25.69       -0.72    -0.04   -25.61       0.121
   16.12    26.84    -5.93       16.14    26.66    -5.90       0.188
    7.04     7.29    62.65        7.09     7.27    63.12       0.470
   -7.94    24.31    30.38       -7.94    24.18    30.34       0.133
   38.52     0.98     0.43       38.79     0.86     0.45       0.288
   19.90    13.62    59.43       19.99    13.69    59.45       0.115
  -10.84   -17.40   -45.23      -10.88   -17.36   -45.16       0.084
   23.01    10.50    44.02       23.21    10.55    44.04       0.211
   16.81    19.12    47.95       16.86    19.17    47.96       0.069
   18.89    -3.37   -23.93       19.14    -3.39   -23.44       0.549
   -6.25    -8.40   -43.61       -6.29    -8.41   -43.57       0.053
   38.75     0.80    -5.48       38.98     0.64    -5.45       0.290
   -8.35    19.66    37.94       -8.45    19.74    38.11       0.208
   19.79    26.23     2.43       19.79    26.23     2.43       0.004
   -7.44     1.94    32.29       -7.27     1.95    32.27       0.165
    1.92   -17.92   -22.33        2.08   -18.02   -22.40       0.201
   -7.00   -18.66    -9.03       -6.80   -19.00    -8.85       0.435
  -11.97    10.23    15.04      -11.61    10.14    15.27       0.436
  -32.12     6.84   -36.02      -31.92     6.48   -35.84       0.445
   22.28    -3.26    27.65       22.47    -3.52    27.74       0.336
   16.41     8.30    62.73       16.40     8.29    63.19       0.460
   11.59   -14.83     0.44       11.57   -15.08     0.59       0.286
  -28.38     6.83   -39.15      -28.28     6.48   -38.90       0.442
  -10.81   -28.30   -35.07      -10.76   -28.39   -35.11       0.107
  -12.51     5.88    -5.74      -12.39     5.68    -5.76       0.234
   -8.63   -22.52   -12.52       -8.40   -22.86   -12.30       0.464
  -24.29     0.16   -47.06      -24.17    -0.11   -46.70       0.464
  -14.26   -30.97   -31.02      -14.19   -31.16   -31.06       0.202
  -37.85    -9.57   -10.48      -37.83    -9.57   -10.49       0.020
   -9.80     7.61   -33.73       -9.83     7.58   -33.71       0.045
   28.71    -5.38   -26.07       28.72    -5.16   -25.85       0.310
   34.35    15.55   -13.52       34.42    15.60   -13.53       0.093
   18.39    13.13   -31.19       18.60    13.31   -30.79       0.486
   -6.72     9.19    56.01       -6.49     9.12    56.01       0.234
  -13.95   -30.90   -30.75      -13.88   -31.10   -30.78       0.212
   -5.50    22.25    15.64       -5.40    21.91    15.88       0.426
   21.59     9.94    55.07       21.79     9.98    55.10       0.204
   33.56    16.47     6.29       33.77    16.66     6.40       0.300
   11.58    -8.04    15.87       11.63    -8.31    15.94       0.278
  -42.24    -7.98   -31.95      -41.92    -7.86   -31.76       0.391
   21.97   -13.11    -3.64       22.13   -13.42    -3.40       0.426
   20.91     5.07    59.18       21.15     5.02    59.21       0.251
    7.53    -3.03   -22.95        7.43    -3.05   -22.63       0.335
   -7.66   -23.33   -39.07       -7.60   -23.39   -39.12       0.096
   -8.02   -20.20   -10.24       -7.86   -20.46    -9.83       0.509
