200 "PA4-C-OurOutput-Octree.txt"
    8.63    11.48   -11.64        9.39    12.51   -10.41       1.779
  -37.74    -8.07   -11.16      -38.20    -8.04   -11.16       0.466
  -32.89   -25.37   -16.29      -32.96   -26.04   -15.58       0.973
  -42.10   -17.33   -30.17      -41.70   -16.17   -30.08       1.230
    8.34    -7.23    61.30        8.38    -7.37    61.30       0.142
   15.45   -10.78     6.77       14.96   -11.58     5.52       1.566
    7.96    -8.75   -23.86        6.30    -7.81   -23.70       1.923
    5.87   -12.99     3.58        6.25   -13.11     3.11       0.620
  -38.63   -21.54   -35.42      -39.31   -21.58   -32.57       2.924
   17.15     2.91   -23.09       17.56     1.60   -22.64       1.442
   -8.61    25.32    24.30       -6.21    25.03    24.22       2.418
  -24.10    -6.97    -6.99      -24.91    -9.85    -6.10       3.119
   -1.76    24.26    23.67       -2.53    24.23    23.91       0.803
   -5.29   -25.98   -23.88       -5.70   -26.51   -21.37       2.597
  -37.45     5.53   -26.33      -37.14     5.35   -26.33       0.361
  -29.14     8.44   -18.03      -30.58     8.24   -18.10       1.459
   34.10     9.93    10.76       34.91     9.75    10.62       0.844
  -17.70    12.43   -27.72      -17.72    12.20   -27.72       0.227
    0.11    -6.30    61.91        2.04    -7.13    62.37       2.153
  -28.06   -25.01   -43.07      -26.77   -25.45   -42.38       1.533
  -20.41    -3.24    -5.24      -20.77    -3.16    -5.02       0.439
   -8.96     9.88     6.38      -12.69     4.28     9.95       7.620
   -7.19     5.52    35.32       -7.38     5.36    34.55       0.806
  -20.78     7.62   -40.88      -20.00     6.71   -40.21       1.374
   -9.28     6.39    26.63      -10.03     6.98    26.12       1.082
  -38.10   -14.34   -42.51      -38.70   -13.34   -40.80       2.062
   24.89    16.45    23.27       25.16    16.45    23.60       0.430
  -10.42   -27.78   -18.85      -10.14   -28.31   -18.71       0.613
   -1.11    -4.38   -30.07       -2.95    -3.19   -30.97       2.373
  -25.06   -32.15   -30.14      -25.12   -32.36   -30.22       0.240
   29.09    -3.89    14.38       28.60    -4.92    13.72       1.317
   22.26    13.55   -31.23       22.15    12.97   -30.51       0.930
   33.23    16.75    -5.20       34.58    15.68    -4.92       1.744
  -10.20    -0.25   -44.30      -11.12     1.17   -42.96       2.157
    2.64    22.45    30.35        2.67    22.71    30.42       0.277
   25.16    15.74    23.49       25.45    15.89    23.60       0.342
   18.39    24.23   -24.63       17.12    25.30   -21.34       3.685
   35.21    -5.18     5.34       34.80    -4.71     5.33       0.621
   -6.46     1.08    47.32       -6.39     1.10    47.18       0.160
    3.55    19.00    52.93        5.60    19.58    55.00       2.969
   -4.31   -20.34   -12.94       -1.53   -20.13   -13.98       2.985
   29.18   -10.52    -3.14       31.25    -8.59    -3.37       2.841
    2.15    -6.85    46.76        2.16    -6.81    46.76       0.035
   18.05    -8.56    11.29       16.80    -8.61    11.32       1.251
   23.91     4.75   -31.16       24.14     4.86   -30.20       0.993
   -7.60    10.35     4.04       -4.47    10.69    -1.91       6.730
  -27.65    11.37   -29.11      -27.40    10.48   -30.54       1.710
  -43.36   -14.40   -24.97      -43.44   -14.42   -24.96       0.088
   30.48    12.36   -26.62       30.29    12.22   -26.47       0.276
   17.92    -7.24    17.05       16.82    -7.24    17.07       1.107
   32.82     5.28   -26.18       32.20     5.96   -25.84       0.984
   28.64   -12.74   -16.32       28.26   -12.06   -16.21       0.793
   22.98     6.89    46.05       23.19     6.89    46.10       0.222
  -27.82     3.50   -43.78      -27.02     2.11   -43.94       1.613
   12.51    25.98     8.22       12.87    26.86     6.66       1.823
    1.64    15.56    61.56        1.29    15.86    62.47       1.013
  -10.90   -13.12    -2.43      -11.07   -13.60    -2.11       0.603
   -2.84    17.96     8.60       -0.56    18.14     6.39       3.183
  -12.29     2.49   -44.04      -12.72     1.98   -43.37       0.943
    8.53    20.72    48.41        8.65    20.66    47.22       1.194
   30.89    -6.78     8.89       30.74    -6.49     8.77       0.348
  -23.89   -30.18   -37.30      -23.88   -29.97   -37.13       0.272
   -0.42    -6.94   -30.31       -3.02    -4.36   -32.36       4.192
   21.86     8.83    54.02       22.02     8.81    53.92       0.192
   22.66     2.90   -29.99       22.99     5.03   -29.94       2.166
  -10.89   -12.46    -1.39      -11.41   -13.46    -2.06       1.309
  -19.26   -26.70   -42.61      -17.69   -27.72   -40.42       2.876
  -18.58    -6.43   -49.51      -18.87    -6.52   -48.45       1.108
   -4.76    18.71    11.15       -6.24    20.80    14.71       4.382
   -3.50   -24.51   -25.19       -0.67   -21.24   -25.47       4.337
    8.51     8.83   -14.79       12.36     8.77   -13.83       3.966
  -31.79   -25.46   -40.24      -31.55   -25.14   -39.93       0.502
   -9.28     6.76    27.06      -10.07     7.32    26.56       1.086
   -2.52    -6.58   -36.44       -2.58    -5.49   -36.69       1.119
  -41.72    -1.05   -22.46      -39.93     1.48   -22.24       3.104
   29.06    21.11     3.38       29.29    21.45     3.39       0.414
  -19.66   -30.17   -17.62      -19.74   -31.70   -17.76       1.538
   20.48    -4.42    31.09       20.40    -4.31    31.07       0.135
   14.19    -7.70    17.32       14.16    -7.50    17.28       0.205
  -23.31    -7.27    -6.33      -24.91    -9.85    -6.10       3.040
   36.74     9.66     7.55       38.74     9.90     6.15       2.448
   18.05   -11.52     3.46       18.01   -11.62     3.42       0.109
   -1.85    -8.29    24.82       -2.81    -8.57    24.81       0.991
   37.67    -1.82   -13.85       37.32     0.13   -15.25       2.429
  -14.37    11.40   -27.39      -13.91    10.90   -27.44       0.676
   21.50    -6.96    14.40       21.31    -7.09    12.85       1.574
   27.53    -6.52    11.80       27.65    -6.33    11.71       0.235
   28.80    -1.33   -29.34       27.95    -0.75   -28.75       1.187
    9.65    -7.67    20.76       12.68    -7.29    20.42       3.066
  -40.09   -14.83   -36.77      -39.78   -14.80   -36.71       0.320
   15.21    -6.23    30.73       15.19    -6.06    30.70       0.176
   17.12    -4.87    42.18       17.13    -4.67    43.67       1.495
   37.03     6.31   -14.87       37.06     6.06   -13.85       1.058
  -37.52     1.95   -37.90      -38.35     0.05   -36.93       2.293
    2.69    18.02     1.65        3.36    19.99     2.29       2.181
   29.73     6.34    19.16       30.11     6.38    19.37       0.435
  -22.03    -9.48   -50.46      -20.05    -9.16   -49.00       2.481
  -33.94   -26.93   -35.20      -33.54   -26.68   -36.01       0.941
   28.03   -13.02   -15.47       27.73   -12.49   -15.39       0.613
   -4.39    -0.69   -32.70       -5.00     0.23   -33.45       1.330
  -10.56     5.22   -39.94      -11.00     4.75   -39.50       0.781
   -5.27    -2.33    44.13       -5.27    -2.02    44.04       0.326
  -23.26   -13.43    -6.96      -24.60   -13.11    -6.03       1.664
  -30.10   -30.60   -26.66      -30.44   -30.73   -26.02       0.735
  -23.12   -32.30   -26.06      -23.40   -32.80   -26.06       0.571
  -12.98    16.79    16.27      -12.53    16.57    16.92       0.820
    0.91    20.34     6.80        0.98    20.73     7.55       0.841
   -3.11    -4.60    49.79       -3.05    -4.52    49.79       0.102
  -39.70   -16.98   -16.23      -40.42   -16.20   -15.94       1.100
   -9.35     2.63    22.45       -9.83     5.42    24.04       3.243
  -20.72     7.41   -41.11      -20.03     6.51   -40.45       1.317
    7.93   -14.12     1.43        8.06   -14.03     1.70       0.317
   20.98    12.90    51.76       20.93    13.59    51.82       0.699
  -41.41   -16.28   -19.29      -41.57   -15.95   -18.39       0.974
  -19.59     3.81   -44.51      -18.85     2.33   -44.50       1.654
  -30.09     6.72   -39.41      -29.70     6.21   -38.74       0.926
    8.01    24.63    13.29        9.24    25.24    14.10       1.596
   37.62    11.08     5.81       38.76     9.90     5.88       1.644
  -31.49     8.34   -19.92      -31.42     8.24   -19.28       0.650
  -30.25   -30.38   -25.01      -30.62   -30.54   -25.05       0.405
   16.33     9.76   -22.77       16.60     8.69   -23.04       1.134
   -7.08     8.23    40.47       -7.26     8.22    40.50       0.183
   -6.50   -25.58   -34.09       -6.49   -25.60   -34.09       0.024
  -32.34   -18.00    -9.70      -32.38   -16.16    -7.96       2.531
   -2.67    24.21    20.07       -2.67    24.08    20.09       0.136
   -9.66    -7.97   -47.59       -9.92    -8.05   -46.76       0.870
    3.93    -4.26   -25.36        5.86    -5.24   -23.39       2.921
   -1.97    17.45    47.03       -3.53    17.28    46.49       1.658
   35.53    -5.00   -15.92       35.09    -4.86   -16.20       0.533
   18.85    25.04   -13.22       23.01    24.94   -13.63       4.176
   31.50     9.89    14.62       31.38     9.59    16.52       1.919
   -6.82     4.77   -33.88       -5.46     1.33   -34.14       3.714
  -40.76   -17.70   -19.00      -41.45   -16.29   -18.25       1.744
  -16.37    10.35   -37.33      -16.92     9.87   -37.03       0.794
   36.94    11.53     6.92       36.75    12.61     7.78       1.397
  -35.99     4.52   -35.62      -33.65     5.03   -36.92       2.723
   -2.49   -22.27   -32.80       -2.51   -22.40   -33.60       0.805
    3.48   -15.93    -6.67        6.03   -15.99    -7.57       2.705
   16.79   -18.03    -8.27       16.38   -17.78    -8.82       0.733
  -31.18    -3.41   -10.66      -31.60    -2.35   -10.32       1.187
  -43.11    -4.01   -21.60      -43.64    -5.96   -24.00       3.140
   37.29    11.19    -9.44       36.64    12.77    -9.77       1.742
   -6.91     3.32    50.61       -6.56     1.76    50.96       1.641
   17.23   -16.72   -15.43       19.88   -16.04   -15.79       2.756
  -11.13    21.95    17.50      -10.79    21.47    18.02       0.788
  -11.99    -3.00   -47.29      -12.40    -6.18   -47.50       3.210
   25.57    -7.24    10.87       23.99    -6.89    10.77       1.620
  -15.35   -30.99   -23.23      -16.47   -32.10   -24.11       1.807
  -16.63     5.25   -12.46      -17.23     5.33   -12.47       0.600
   33.63     0.12    12.76       34.38     5.29    12.81       5.219
   -6.58    25.26    25.16       -6.18    25.03    25.14       0.461
   39.89     4.10     1.79       39.59     2.78     1.74       1.347
   30.00    14.54    13.65       31.12    14.98    13.07       1.335
  -27.69   -30.49   -20.34      -28.05   -30.81   -20.05       0.564
  -14.63    12.43    25.42      -14.47    11.33    25.39       1.107
  -11.03    11.38    13.89      -10.47    12.76    14.50       1.613
   18.70    -5.21    31.32       20.11    -4.52    31.04       1.595
  -37.88   -10.17   -43.47      -37.01    -9.16   -43.25       1.350
   17.61    -5.96    28.36       16.05    -6.17    26.81       2.205
  -41.11   -10.14   -32.26      -41.05    -9.01   -32.44       1.149
   -4.15    13.75    58.32       -4.13    13.74    58.32       0.022
   38.48    -0.82     3.66       38.12    -0.70     3.69       0.376
  -10.19   -10.39     1.76      -10.49   -10.82     2.30       0.754
  -10.92     6.68     0.75      -11.20     6.52    -0.96       1.738
  -29.67   -30.70   -25.08      -30.58   -30.58   -25.27       0.936
   -8.02    -4.37    20.95       -7.99    -4.02    22.22       1.321
    9.27    22.26    29.62        9.02    22.48    30.69       1.127
  -41.13   -10.42   -16.40      -41.67    -8.75   -16.19       1.765
   12.46    -6.41    34.17       13.01    -6.24    33.62       0.793
   -4.10    16.86     8.99       -0.56    18.14     6.39       4.579
   11.64    12.80    62.04       13.20    13.57    63.07       2.027
   19.27    -0.98    54.48       20.23    -0.01    54.09       1.418
  -18.81     9.16   -19.38      -18.35     9.15   -18.72       0.806
  -22.11    10.84   -20.10      -23.62    10.96   -19.16       1.784
    4.57   -14.48   -23.18        4.13   -14.06   -23.09       0.618
   27.54   -13.34   -16.05       27.50   -12.51   -16.03       0.833
  -15.65    11.93   -29.58      -16.67    12.09   -27.80       2.058
  -39.16   -11.60   -13.72      -38.41   -13.00   -11.95       2.373
   23.13    19.12    22.53       23.11    19.26    24.05       1.519
  -12.60   -29.39   -20.89      -12.59   -29.84   -19.64       1.331
   35.59    -4.35     7.02       35.35    -4.19     6.58       0.519
   -3.72    15.10    49.66       -4.71    14.65    48.49       1.600
   21.34   -11.92   -22.45       21.42   -11.57   -21.36       1.143
  -13.69    15.39    32.31      -14.42    15.09    32.70       0.874
   13.00    21.53   -16.63       14.89    24.04   -17.44       3.245
   33.79    -7.36   -17.23       32.54    -8.13   -16.41       1.679
  -31.29   -24.22   -42.02      -31.01   -23.86   -41.68       0.565
    1.21    -2.40   -26.46       -3.01    -0.52   -28.87       5.212
   23.58    24.59    -4.39       26.86    23.39    -4.68       3.506
   36.48    11.71   -12.72       36.12    12.71   -12.56       1.074
   19.01    -9.33   -23.76       20.07    -8.54   -22.98       1.534
    7.42    11.99    62.13        7.52     9.56    63.27       2.684
  -19.82   -15.47   -49.47      -19.92   -15.19   -48.56       0.955
    3.62    18.61    60.43        2.95    17.72    62.47       2.328
  -34.24     8.24   -27.75      -33.97     7.94   -27.35       0.562
   15.24   -13.44     1.99       15.36   -13.15     2.69       0.769
  -23.05    10.11   -19.46      -23.56    10.50   -18.83       0.898
   -0.99   -11.47   -35.51       -0.69   -12.58   -34.89       1.311
  -15.55    18.25    20.88      -16.43    16.48    21.02       1.981
  -12.25     8.32   -37.06      -12.91     7.38   -38.14       1.574
