200 "PA4-J-OurOutput-Octree.txt"
  -30.03     6.40   -39.55      -29.54     6.15   -38.87       0.867
  -34.77     2.98   -14.13      -34.71     2.80   -14.56       0.469
   35.87    -1.89     7.76       36.40    -3.26     6.35       2.033
   12.97    14.99   -16.15       13.65    15.09   -16.25       0.692
  -29.22   -23.66   -43.50      -30.28   -23.13   -43.01       1.283
   12.93    17.93   -30.40       13.16    18.99   -30.63       1.111
    4.18   -12.29   -23.51        4.09   -12.75   -23.94       0.642
  -39.76   -22.30   -21.58      -39.41   -21.65   -19.21       2.490
   26.08    16.29    18.81       28.36    14.74    17.49       3.052
   -3.07   -20.51   -15.67       -1.48   -20.54   -15.62       1.596
   -7.55    -3.38   -42.69       -6.64    -1.57   -40.80       2.767
  -41.11    -6.25   -37.47      -40.22    -6.28   -37.24       0.915
  -40.02    -4.42   -38.72      -39.47    -4.84   -38.42       0.755
  -16.77    15.29    29.81      -16.20    15.33    29.52       0.642
    8.99    -2.80    62.95        8.90    -1.08    63.38       1.769
  -44.66    -8.04   -23.77      -44.10    -8.16   -23.95       0.606
  -12.36   -29.16   -33.71      -12.10   -29.70   -33.80       0.604
   -5.19   -24.37   -20.26       -5.30   -25.28   -19.60       1.129
   38.60     2.63     4.32       39.38     2.42     4.36       0.816
   10.93    -6.52    46.78       13.06    -6.16    46.86       2.160
   15.90    26.50     7.92       15.62    26.70     6.20       1.757
   22.21    -9.92   -22.96       21.68    -9.15   -23.28       0.992
   10.52    -6.77    24.36       12.64    -6.83    24.24       2.128
   39.16     2.72    -5.24       40.01     2.11    -5.13       1.052
   15.51   -17.02    -7.96       15.30   -17.60    -8.65       0.932
   19.43    23.19   -26.59       16.06    21.90   -29.42       4.581
  -40.97   -15.94   -32.93      -40.24   -15.86   -32.55       0.831
   -2.11   -19.10   -35.26       -2.13   -19.14   -35.98       0.722
    9.41   -15.17    -2.17        9.25   -15.63    -2.10       0.486
   21.29    25.82    -8.73       23.78    24.59    -9.73       2.954
   14.75    10.47   -19.47       15.12    12.46   -19.50       2.030
  -25.94   -30.93   -34.22      -26.64   -30.88   -34.21       0.699
   33.25    -5.00     5.86       34.58    -4.90     5.77       1.337
   10.79    -6.78    26.51       12.76    -6.52    26.36       1.992
   -6.25    -0.60    48.37       -5.84    -0.47    47.21       1.233
   -6.63    14.41     9.06      -10.43    12.77    14.45       6.798
  -39.29     0.75   -17.61      -39.01     0.46   -17.84       0.460
  -43.16   -16.59   -25.50      -43.01   -16.23   -25.49       0.389
   18.09    -1.42    58.24       18.36    -1.66    58.28       0.364
   -6.59   -26.75   -27.45       -5.83   -26.48   -30.51       3.166
   -5.99    -2.10    42.45       -5.27    -2.02    43.73       1.473
   23.90     2.84    36.04       24.31     2.37    36.47       0.756
   17.69     5.19   -24.48       18.10     5.41   -24.18       0.553
   18.10    19.91    38.38       17.86    21.01    38.53       1.143
   -0.14    17.38     3.69        0.12    17.11     4.23       0.666
   33.10    17.16   -11.80       34.60    15.88   -11.57       1.980
   -5.30    17.70    43.30       -3.54    19.32    41.61       2.921
  -39.61   -20.25   -35.37      -39.98   -20.27   -32.72       2.682
   19.89     7.58   -29.19       22.61     5.95   -29.95       3.264
   31.34     2.25    15.40       31.73     6.01    16.51       3.940
   20.82    11.07   -30.77       20.94    12.20   -31.30       1.256
  -34.09   -17.60    -9.65      -34.08   -15.90    -8.29       2.186
  -38.35    -1.88   -39.99      -38.49    -1.34   -38.20       1.873
   -1.53    23.92    16.39       -2.72    23.31    16.75       1.387
  -16.88     1.69    -0.78      -13.04     5.02    -0.89       5.084
    6.96    21.42    40.16        4.91    20.96    39.98       2.105
   -7.21     2.42    38.30       -6.50     0.96    38.19       1.629
   17.12    26.08     7.80       16.82    26.63     5.99       1.915
   17.53    16.10    57.32       18.11    16.31    58.41       1.255
   -6.61   -14.92    -3.48       -9.72   -14.92    -3.44       3.104
  -36.86     2.21   -15.21      -36.53     2.02   -15.42       0.425
   -2.43     2.30   -25.93       -4.13     1.52   -28.67       3.313
    2.31    -2.75   -25.01        5.86    -5.24   -23.39       4.629
  -42.40    -1.35   -23.04      -39.93     1.48   -22.24       3.841
   12.69    24.77   -11.11       12.08    23.71   -10.80       1.268
   -4.32    22.21    34.96       -5.46    23.04    33.84       1.792
  -12.83   -27.96   -17.88      -12.65   -28.61   -17.49       0.776
   23.45    25.17    -6.56       23.78    24.59    -9.73       3.243
    6.56   -15.93   -13.91        6.95   -16.36   -11.66       2.325
   23.36     1.62    36.90       23.79     1.43    37.00       0.485
  -16.09     3.63    -6.05      -12.89     5.33    -5.32       3.698
  -42.62   -13.41   -18.49      -42.25   -13.32   -18.60       0.399
  -26.15    -4.22    -8.71      -24.66    -2.08    -9.45       2.707
   14.14    -6.43    23.76       14.18    -6.69    23.78       0.264
   38.81     2.22    -4.93       39.62     1.63    -4.82       1.013
   27.38    11.83    20.75       28.33    13.10    19.37       2.104
   23.95    16.85    24.30       24.50    17.13    24.49       0.652
   28.51    10.28   -29.58       28.66     8.88   -29.84       1.429
  -15.36    -7.69     1.49      -15.01    -7.06     2.48       1.230
  -30.09   -13.57   -47.57      -29.95   -13.57   -47.17       0.419
   -8.20   -22.35   -40.08       -7.90   -22.59   -40.33       0.449
  -16.06    -0.18     2.89      -15.99    -3.57     2.83       3.391
  -43.87    -6.20   -20.76      -43.57    -7.68   -22.62       2.395
   -3.69    15.17     5.09       -1.06    16.20     4.35       2.929
  -11.25   -28.09   -19.00      -10.90   -28.74   -18.84       0.752
   32.34    -6.79   -13.34       33.21    -7.73   -15.01       2.104
  -36.58   -21.73   -39.03      -35.91   -21.25   -39.52       0.959
    4.94   -12.48     3.77        5.79   -13.16     2.76       1.481
  -28.41   -25.37   -11.49      -28.56   -25.51   -11.28       0.296
  -40.93   -14.01   -32.01      -40.23   -14.12   -31.83       0.737
   30.19    17.00    11.33       30.44    17.22    11.64       0.460
  -10.45     9.48   -21.52      -11.30    10.03   -23.25       2.001
   31.29    -7.20    -3.73       31.67    -8.06    -3.30       1.038
   -3.17     5.67    63.09       -1.56     2.11    63.43       3.924
  -44.20   -12.45   -24.01      -43.76   -12.46   -24.10       0.447
   -2.07     5.90   -22.21       -3.82     6.57   -21.40       2.038
   -7.21     8.87    50.75       -6.60     8.81    49.21       1.655
   -1.45     0.05   -26.18       -3.01    -0.52   -28.87       3.153
   19.82     4.51   -27.20       19.07     4.77   -25.01       2.328
   18.52   -16.64    -7.92       16.38   -17.78    -8.82       2.583
   -6.21    10.51    53.59       -6.31     9.71    53.34       0.844
   28.89     3.45    19.92       29.97     5.93    19.72       2.706
  -15.06    -1.03   -47.11      -16.61    -1.04   -46.98       1.549
   19.10    15.32    51.30       19.66    15.68    51.40       0.665
    2.69    -7.41    29.98        2.54    -7.56    30.61       0.661
   22.63    10.36    44.55       23.29     9.90    44.59       0.802
   -3.07    14.25     2.65       -1.06    16.20     4.35       3.277
   32.04    16.81     9.06       31.61    17.16    10.72       1.754
   -6.89     3.06   -35.45       -5.45     1.38   -34.71       2.338
  -12.40     8.87   -34.43      -12.47     8.68   -34.37       0.206
   27.28    23.00    -5.51       27.27    23.03    -5.15       0.354
   -1.63   -15.64   -36.45       -2.71   -14.63   -39.09       3.029
   24.27   -10.02    -0.76       22.22   -11.50    -0.71       2.532
   -8.75   -12.00     0.48      -10.15   -11.66     1.80       1.955
  -22.57    -9.87    -4.59      -21.50    -9.94    -3.89       1.276
    2.05     0.37    63.11        1.15    -0.55    63.36       1.306
   23.20     1.71    37.21       23.74     1.48    37.33       0.605
    4.47   -11.98     9.20        4.50   -12.18     9.49       0.352
   18.27    21.86    25.97       17.79    22.57    25.63       0.922
   -9.73     7.76    30.56       -8.54     7.23    31.37       1.534
   11.53     2.65    62.68       12.79     2.60    63.04       1.313
   -4.51    24.07    19.88       -4.51    24.03    19.89       0.043
    0.76    -3.59   -26.36       -3.01    -0.52   -28.87       5.470
  -11.30   -27.52   -36.57      -11.37   -27.81   -37.25       0.743
   35.01    -2.83    -8.76       37.80    -1.22    -6.68       3.827
   16.96    22.94    23.97       16.95    22.90    23.96       0.035
  -37.75   -10.81   -43.52      -37.01    -9.16   -43.25       1.825
   -2.79     1.06   -27.40       -3.68     0.70   -28.75       1.655
   11.72    -7.52    17.56       12.94    -7.59    17.69       1.236
   14.90    -6.35    22.09       15.12    -6.91    20.63       1.575
   10.57    21.64    41.26        8.67    20.92    43.52       3.042
   15.77    20.20   -30.69       15.72    20.04   -30.49       0.262
  -18.88   -31.51   -32.46      -18.79   -32.01   -32.57       0.527
   28.45    21.63   -18.54       29.38    20.85   -18.06       1.310
   -7.13     9.14    55.89       -6.54     8.82    55.30       0.888
   27.08    -0.10   -29.27       27.58    -0.14   -29.31       0.504
  -15.18    13.62    19.20      -13.61    14.61    17.94       2.239
   -8.51    14.19    11.41      -10.44    12.80    14.46       3.873
   37.78     0.43     0.54       38.47     0.33     1.56       1.229
    3.14   -13.12    -0.20        5.69   -14.37    -2.00       3.363
    8.98   -15.61   -10.60        8.96   -15.97   -10.63       0.369
  -35.13     7.77   -29.44      -34.77     6.78   -30.50       1.493
   37.45    11.60    -4.35       37.35    12.47    -4.36       0.872
  -37.42     6.01   -25.79      -36.95     5.48   -25.84       0.721
   -7.27   -19.76   -10.59       -7.52   -19.72    -9.46       1.161
    1.91    -9.37    19.78        1.75    -9.84    18.44       1.425
  -15.93   -10.25    -1.19      -17.84   -10.17    -2.47       2.295
    8.14    -5.25   -22.73        7.83    -5.26   -22.66       0.317
   30.56    16.46    11.70       30.78    16.65    11.86       0.335
  -15.75   -27.15   -40.00      -16.40   -27.50   -40.28       0.797
   22.21    14.11    36.13       22.70    14.14    37.42       1.383
  -11.81   -26.96   -38.15      -11.67   -27.20   -38.32       0.336
  -18.25    -0.43    -1.25      -18.54    -3.24    -1.35       2.829
   30.06    18.78     9.89       30.02    19.74     9.67       0.983
   -2.21    -6.20    37.31       -3.33    -5.52    37.44       1.316
   -4.80    24.52    22.89       -4.67    24.70    24.07       1.197
   -9.94   -28.51   -30.03      -10.28   -29.35   -30.81       1.203
    1.43    19.26    47.52        0.85    19.41    46.59       1.107
  -16.51   -15.15   -48.24      -16.69   -15.13   -48.15       0.197
   -6.20    15.99     9.72       -0.57    18.10     6.35       6.894
   -0.76    -9.79   -30.96       -0.43   -11.34   -32.80       2.426
   -0.74    17.67    51.83       -0.69    17.59    51.81       0.093
  -27.17     8.12   -38.23      -26.97     7.62   -37.86       0.659
   24.18   -12.78    -7.10       24.67   -13.69    -7.65       1.167
   37.35     9.79    -9.86       37.72     9.51   -10.01       0.494
  -12.53   -30.13   -29.57      -12.26   -30.54   -30.85       1.374
   -0.73   -16.51   -33.71       -0.87   -19.53   -33.75       3.019
  -29.10     8.96   -17.95      -30.59     8.31   -18.24       1.646
   -2.37    -5.64    50.46       -2.46    -5.02    50.54       0.630
   -0.28    11.49    63.03        1.38    13.75    63.20       2.805
   17.89     5.91    62.28       16.23     6.27    63.16       1.915
    0.29   -11.04    10.49        0.26   -11.22    10.55       0.194
  -12.82   -29.71   -32.84      -12.56   -30.14   -32.96       0.519
  -29.13    -3.69   -47.34      -28.90    -5.11   -47.26       1.436
  -21.51   -20.47    -7.46      -20.16   -21.37    -7.42       1.628
   -5.75    10.74    -1.07       -4.88    10.38    -2.14       1.428
  -22.56   -11.86   -49.54      -23.98   -12.60   -48.63       1.837
   11.83    23.83    22.54        9.65    23.85    22.33       2.187
   29.35    17.12    12.77       29.62    17.33    12.92       0.376
  -29.59   -25.26   -41.50      -30.29   -24.91   -41.17       0.853
  -18.90   -17.22   -47.93      -18.85   -16.53   -47.93       0.692
   19.74    26.22   -11.98       23.18    24.87   -12.79       3.779
   -9.93    23.25    19.12       -9.86    23.04    19.27       0.278
  -29.55   -27.26   -38.85      -30.46   -26.31   -39.54       1.494
   -5.01    18.92    11.75       -6.24    20.80    14.71       3.716
   -7.43     7.33    50.24       -6.64     8.54    48.94       1.942
   19.38    14.77    52.75       20.05    14.78    52.50       0.716
   -5.68    -2.49    41.69       -5.64    -1.83    40.53       1.340
   35.41     7.87   -18.18       35.79     7.91   -18.32       0.407
   13.40    -2.14    62.66       13.38    -1.06    63.01       1.132
   24.24    23.94     6.40       24.13    23.37     8.84       2.509
  -19.22    -9.68   -49.51      -19.98    -9.09   -48.97       1.098
   -5.55   -24.43   -19.94       -5.27   -25.19   -19.48       0.933
   -3.08     4.42    63.09       -1.56     2.11    63.43       2.785
   -4.15   -16.30   -39.80       -3.79   -16.02   -40.18       0.594
   18.60    18.02   -30.78       18.41    18.81   -30.13       1.054
   36.69     4.70   -14.49       37.15     5.46   -13.99       1.021
  -25.36     4.98   -14.21      -24.31     6.66   -15.34       2.285
  -13.69    -0.45     8.79      -12.81     0.56    10.36       2.067
    3.49   -16.61   -10.61        2.90   -17.71   -11.29       1.413
