200 "PA4-H-OurOutput-Octree.txt"
  -30.20     8.46   -31.43      -30.95     8.90   -31.69       0.913
  -15.98   -31.07   -18.32      -17.61   -31.61   -19.94       2.361
   -6.65     6.74   -21.08       -5.90     7.33   -20.17       1.313
   21.41     4.94    54.29       22.00     6.16    54.30       1.359
   -4.66   -25.15   -19.35       -5.23   -25.06   -19.29       0.578
  -10.05   -23.71   -41.01      -11.07   -25.15   -40.53       1.830
  -27.66   -30.03   -15.92      -27.22   -29.48   -16.24       0.774
  -37.75   -22.18   -15.19      -37.53   -21.69   -15.90       0.897
   11.46    25.68    -2.71       12.89    26.74    -3.03       1.813
   11.30    11.32    64.02       12.80     9.88    63.12       2.260
   -7.03     0.07    54.06       -6.11     0.41    54.04       0.978
  -26.70    -2.04   -10.22      -26.12    -1.47   -10.64       0.917
   27.49    -0.67   -28.15       27.84    -0.92   -28.75       0.731
   -7.74     3.19   -35.35       -7.77     2.92   -37.81       2.473
   30.47    13.38    14.86       30.43    13.40    15.07       0.219
    8.08    19.82    55.05        7.90    20.35    55.11       0.568
   25.54    23.07   -16.44       24.94    23.99   -13.03       3.575
    7.22    21.72    -3.38        7.40    22.08    -3.82       0.594
   -3.87    19.74    39.71       -3.94    20.09    39.88       0.398
   -2.26    -7.16   -31.53       -3.06    -5.10   -33.23       2.789
   31.03    19.10    -6.65       30.91    20.09    -4.74       2.153
    8.48    19.76    57.36        8.38    20.51    55.19       2.296
    2.47    19.24     3.89        2.42    19.72     3.94       0.489
    8.73    25.57     6.52       12.86    26.87     6.57       4.336
    0.53   -17.41    -6.84        1.71   -17.91    -9.94       3.359
   32.46    10.78    13.81       31.76    13.45    13.11       2.850
   -6.11     1.70   -33.22       -5.48     1.25   -33.24       0.775
   27.78    16.08   -23.88       28.41    16.59   -24.42       0.978
  -41.09     0.01   -26.11      -39.51     2.59   -26.84       3.110
  -35.32     3.47   -15.22      -35.21     3.27   -15.40       0.289
   -5.61   -23.40   -36.27       -5.86   -24.31   -35.85       1.034
  -16.44   -30.99   -34.75      -17.07   -31.39   -33.93       1.103
   -7.56     2.83    57.67       -6.72     2.22    58.59       1.389
   21.12     1.62    51.94       21.23     1.58    51.96       0.121
   30.12     0.73   -26.93       31.28     0.96   -26.63       1.219
   36.36    -1.25    10.18       38.07     1.03     8.40       3.361
   17.18    20.19   -28.35       17.03    19.77   -30.09       1.795
  -19.97   -27.92   -40.68      -19.20   -28.54   -39.73       1.373
   -7.73     5.57    60.66       -6.31     2.25    60.42       3.619
   34.37    -2.07   -19.83       35.40    -0.51   -20.06       1.881
  -41.47   -18.14   -29.61      -40.82   -19.67   -30.14       1.745
   -5.53     6.35   -21.81       -4.75     6.91   -20.85       1.362
    5.73    17.08    63.47        4.92    17.79    63.20       1.108
  -40.45   -21.23   -30.62      -40.22   -20.92   -30.64       0.390
   33.41    -5.48     9.34       33.06    -5.05     9.48       0.568
   -8.42    10.52    40.36       -7.39     9.86    40.22       1.231
   -7.19     9.54    47.43       -6.63     9.42    47.38       0.575
  -22.86   -25.91    -9.30      -24.87   -26.57   -11.36       2.951
  -22.24   -11.07    -3.63      -21.43   -10.90    -4.10       0.957
  -41.72    -9.24   -15.26      -41.33    -8.74   -15.45       0.665
   33.09    -7.25   -15.53       33.05    -7.82   -15.35       0.609
    8.80    12.75    -9.17        8.50    12.95    -9.72       0.660
    9.85    20.33    49.93        9.21    21.19    51.87       2.223
   15.23    -6.24    42.85       15.11    -5.51    43.87       1.258
   -3.09    15.25    51.54       -4.18    14.33    52.19       1.566
   15.06    10.79   -24.00       16.77     9.04   -24.27       2.468
   16.56    -4.78    51.12       16.36    -4.55    51.10       0.306
   33.30    -3.63    12.07       32.68    -4.71    10.87       1.730
   16.72    19.98   -28.70       16.76    19.93   -30.10       1.402
   21.21     6.03    56.41       21.69     7.00    57.81       1.766
   -8.30   -26.16   -36.40       -7.83   -25.98   -36.23       0.533
    2.21    21.94     9.61        1.90    22.44     9.33       0.655
   18.42   -15.29    -2.04       20.22   -12.88    -1.01       3.181
    0.61    -8.12    62.88        2.02    -7.05    62.58       1.797
   14.94    26.36    -3.25       14.87    26.96    -3.36       0.620
  -16.99   -17.28   -46.87      -16.82   -16.67   -47.49       0.887
   32.02    15.98    10.64       31.76    16.28    11.23       0.720
   31.68     0.90    16.44       29.28    -1.19    18.34       3.707
   17.85    -6.44    26.69       16.18    -6.20    26.28       1.736
   27.80    -1.88    20.69       28.68    -1.17    19.18       1.882
   -7.23     2.75    61.59       -6.10     2.27    61.35       1.249
   38.96     4.85    -7.81       39.12     6.44    -8.83       1.895
  -16.82   -32.90   -26.95      -16.88   -32.34   -26.99       0.560
  -21.81    -9.92    -3.22      -21.52    -9.76    -3.85       0.719
  -10.95   -29.70   -32.49      -11.07   -29.44   -32.44       0.292
   21.24     6.91    55.97       21.69     7.08    57.80       1.896
   32.54     7.19    14.89       31.62     7.10    16.51       1.869
  -13.95    17.09    35.65      -12.66    16.77    35.95       1.356
    2.42    18.34     3.27        1.28    18.00     4.12       1.464
    1.97    22.80    26.16        1.05    23.47    28.25       2.374
   -5.63    21.34    16.92       -5.87    22.11    16.37       0.980
    5.74    19.31    51.79        7.04    20.22    53.76       2.526
  -17.08   -30.87   -35.32      -17.64   -31.37   -34.21       1.336
  -26.19    10.61   -21.81      -26.74    10.57   -20.32       1.586
   24.64     6.36    35.36       24.86     6.25    36.40       1.068
  -32.15   -21.13    -8.57      -28.92   -19.58    -7.21       3.828
   10.64    24.17    -5.64       10.16    24.64    -4.99       0.930
    7.69   -16.62    -5.80        7.72   -15.81    -4.59       1.459
   12.08    20.83    47.93       13.95    21.98    47.65       2.213
  -31.85    -7.17   -45.74      -33.90    -7.68   -45.42       2.134
    7.08   -16.58    -9.31        6.98   -16.05    -9.38       0.550
   -7.30    -0.22    36.71       -6.31    -0.20    37.72       1.418
   10.62    24.06    16.89        9.23    24.67    17.04       1.527
   33.47    16.35    -7.64       34.84    15.51    -6.85       1.789
   -0.67   -11.41    15.19       -0.62   -10.57    14.98       0.868
  -16.02   -12.00   -47.87      -16.16   -12.92   -48.39       1.069
   31.21    -2.70   -24.62       31.49    -0.77   -26.15       2.488
   23.27     6.25    42.76       23.61     6.39    43.90       1.199
    7.23   -16.59    -5.77        7.28   -15.73    -4.63       1.431
   -1.45    -7.46    36.74        0.60    -6.95    36.77       2.114
   -6.47    13.80    10.26      -10.43    12.77    14.45       5.864
  -28.98   -14.11    -5.57      -27.90   -13.74    -6.23       1.316
   -8.96   -21.12   -42.32       -7.83   -21.09   -41.71       1.276
   25.75    22.36     8.02       26.99    22.17     8.93       1.554
  -16.90   -13.12   -47.93      -16.77   -13.16   -48.52       0.601
   25.18    11.13    29.72       26.11     9.56    30.26       1.904
  -25.80    -0.71   -10.96      -25.75    -0.80   -11.07       0.143
   16.71    19.27    43.70       16.61    20.70    44.22       1.517
  -32.96   -25.92   -37.99      -32.85   -25.78   -37.88       0.208
   20.40    13.37   -29.97       20.95    13.52   -30.84       1.038
  -23.32   -13.05   -48.07      -23.95   -13.14   -48.57       0.814
   -2.15    17.96     9.50       -0.26    19.86     8.22       2.964
   32.17    -1.57   -23.82       31.57    -0.50   -26.05       2.547
   -8.25     4.52    33.93       -7.42     5.28    34.13       1.144
  -11.91    -5.67   -46.26      -11.66    -6.29   -47.23       1.186
   -1.92     9.01    -9.57       -0.64     9.94    -9.98       1.634
  -12.19    16.96    17.42      -12.53    16.57    16.92       0.729
   25.82    20.30    13.91       24.37    21.11    15.90       2.582
   36.97     3.71   -13.13       38.32     3.05   -12.75       1.545
  -37.34     4.64   -27.77      -37.11     5.41   -26.73       1.313
   11.22    25.38    11.96       10.68    25.02    14.02       2.166
  -20.84    -5.49    -3.35      -20.40    -5.58    -3.62       0.530
    3.68   -10.77    17.01        1.71   -10.22    16.93       2.048
  -41.55   -15.71   -29.60      -41.65   -15.74   -29.98       0.399
   22.58    -8.88     7.52       22.59    -7.69     9.35       2.181
   13.01     6.64    63.94       13.09     6.70    62.95       0.989
  -30.09   -21.45    -7.64      -28.54   -19.98    -7.20       2.183
   -7.77     4.36    58.55       -6.72     2.22    58.59       2.388
    5.60    -8.33    27.26        4.80    -7.89    25.80       1.730
  -31.86    -8.70   -46.17      -33.65    -9.06   -46.10       1.827
  -39.57     2.31   -24.52      -39.67     2.39   -23.46       1.065
   -4.13    -7.75    30.40       -3.52    -6.58    31.41       1.659
   -3.99   -10.17    18.85       -4.77    -8.88    18.60       1.532
  -25.70   -29.96   -14.83      -25.66   -29.48   -15.91       1.177
    8.66   -15.28   -16.07        8.63   -15.19   -16.34       0.282
   10.76    14.13    64.04       13.22    14.03    63.07       2.643
  -15.87    20.03    24.61      -16.59    16.73    24.62       3.383
  -36.81   -20.44   -12.01      -37.73   -20.35   -15.04       3.164
  -25.67   -18.10    -6.04      -25.78   -19.77    -6.90       1.880
  -34.14   -27.28   -17.18      -32.68   -27.24   -16.70       1.536
   20.27    11.28    56.85       21.28    11.11    57.64       1.289
   29.14    -8.90   -21.27       30.79    -9.17   -20.05       2.067
  -16.09   -14.14   -47.85      -16.55   -13.95   -48.41       0.747
    8.94    -7.99   -21.09        7.27    -6.19   -23.04       3.131
  -21.92   -33.25   -24.45      -23.47   -32.75   -24.54       1.630
    5.53     2.22   -19.21        2.01     7.66   -17.11       6.815
   13.22    23.83   -10.74       12.08    23.71   -10.80       1.141
    3.58    -8.31    30.43        3.42    -7.49    30.83       0.934
  -15.07    -9.22   -47.45      -12.93    -9.17   -47.81       2.165
  -17.82     6.94   -39.29      -17.96     7.54   -39.76       0.772
   -7.56     3.25   -34.91       -5.45     1.38   -34.71       2.833
  -29.46     6.91   -36.03      -30.48     7.32   -35.72       1.135
   21.84   -14.12   -17.28       22.31   -14.81   -17.05       0.860
    5.22   -17.07    -9.25        6.06   -16.22    -9.35       1.197
   -1.82    16.41     7.23       -0.69    17.61     5.83       2.160
   23.61    -3.70    26.11       23.31    -3.68    25.09       1.059
   31.74    17.62   -13.75       30.68    20.49   -13.34       3.080
   23.22   -15.86   -12.01       23.24   -15.64   -11.95       0.231
  -13.37     1.67   -42.79      -12.97     2.14   -43.41       0.873
   26.38    22.47     5.29       27.13    22.80     5.29       0.820
   -5.18    19.64    39.38       -5.24    19.99    39.55       0.399
   -4.86    -0.89   -34.13       -4.68    -0.33   -34.40       0.652
   12.31     9.92    64.01       12.80     9.88    63.12       1.015
    5.54    20.01    42.36        4.88    20.78    40.84       1.819
   29.02    12.27    18.28       29.12    12.70    18.19       0.454
   -6.61     9.41     1.69       -5.02    10.27    -2.22       4.306
   10.93   -14.91     2.49        9.45   -14.14     2.18       1.703
  -16.26     7.89   -16.05      -16.90     8.27   -16.26       0.777
   -3.83    17.81    11.18       -0.29    20.61     9.29       4.894
   -6.30    16.10    12.43       -6.24    20.80    14.71       5.230
   18.44   -10.06     7.74       16.78    -9.12     9.74       2.762
   26.13    -5.60    15.93       27.36    -4.87    14.57       1.972
  -11.55    -9.68   -46.66      -11.34    -9.51   -47.33       0.716
   -9.24   -26.63   -15.35       -9.71   -26.28   -15.54       0.614
  -14.35    21.82    23.96      -12.89    23.12    20.92       3.606
  -10.32   -12.92     1.43      -10.15   -11.66     1.80       1.324
  -42.69    -9.46   -17.32      -42.27    -8.78   -17.52       0.825
   -9.38   -11.40     4.10       -9.94   -10.42     2.93       1.630
   15.84    24.44   -18.26       15.80    24.54   -18.26       0.105
   -9.72   -10.38     5.83       -9.94   -10.42     2.93       2.912
   24.74    23.49     3.06       26.99    23.08     2.88       2.289
    1.38    -8.28    61.11        2.06    -7.25    62.05       1.552
  -39.34     2.59   -26.22      -39.45     2.72   -26.24       0.180
   16.13    -3.78    62.41       16.09    -3.82    61.52       0.892
   10.90    20.62    46.80        9.22    20.77    47.06       1.702
  -22.35   -24.99    -8.39      -20.49   -23.52    -8.73       2.393
   25.88    17.49    17.93       28.37    15.69    16.40       3.439
  -11.26    -4.12   -45.02      -10.92    -6.41   -46.97       3.025
  -41.19   -15.79   -30.13      -41.42   -15.72   -30.29       0.288
  -16.17    19.63    24.95      -16.57    16.72    24.95       2.939
    1.97    19.59     5.36        1.67    19.86     5.15       0.453
   -7.90   -26.42   -16.69       -7.95   -25.99   -17.06       0.578
  -35.83    -0.00   -12.77      -35.05    -0.18   -12.45       0.859
   23.51   -11.03     1.07       23.14   -10.09     1.84       1.274
  -34.89     1.02   -39.37      -38.40    -0.45   -37.38       4.295
  -16.50    19.24    25.40      -16.55    16.72    25.38       2.524
   21.86    -2.92   -24.59       21.56    -1.96   -24.90       1.050
   -9.15   -25.72   -14.23       -9.40   -25.66   -15.15       0.962
   -4.59     8.42   -10.50       -4.71     8.94   -10.53       0.532
  -42.95   -17.16   -23.77      -42.89   -16.01   -23.97       1.170
