200 "PA4-E-OurOutput-Octree.txt"
  -39.48   -14.14   -41.27      -38.79   -13.88   -40.52       1.044
   14.71   -14.07     0.48       15.13   -13.19     2.76       2.476
   12.54    25.41    -7.62       12.76    25.97    -6.25       1.502
  -32.05    -7.70   -47.64      -33.70    -8.81   -45.97       2.594
    3.00    -8.39    26.95        2.98    -8.24    25.79       1.163
  -28.89   -31.52   -32.21      -28.19   -30.92   -32.63       1.019
   20.40    15.74    41.09       21.13    16.20    41.10       0.861
  -37.94   -23.87   -35.23      -39.21   -21.77   -32.55       3.630
    5.66    -8.08    25.72        4.82    -7.92    25.59       0.865
  -21.46   -15.10   -49.66      -20.24   -14.72   -48.74       1.581
  -10.28   -28.45   -35.96      -10.37   -28.01   -35.41       0.702
   31.56     3.58   -26.74       31.40     2.15   -26.54       1.451
    4.60   -12.85     5.25        6.27   -13.10     3.12       2.717
   -6.24    -1.01    48.31       -5.71    -0.85    47.22       1.229
   29.70    20.46    -1.44       30.06    20.92    -1.46       0.586
   -7.53    24.41    23.55       -6.21    25.03    24.18       1.587
   11.27    20.09   -23.71       12.40    21.66   -28.81       5.456
  -13.05     4.15     6.87      -12.69     4.28     9.95       3.102
  -33.16   -11.39   -47.51      -33.94   -12.51   -46.21       1.882
   25.85    -6.56    11.28       27.68    -6.48    11.43       1.833
   20.53    -0.69    48.34       20.88    -0.75    47.03       1.355
   17.88    -0.48    61.12       18.99    -0.54    60.78       1.158
   29.36    20.60    -2.35       29.75    21.11    -2.38       0.646
   25.46    -9.51     2.31       23.97    -9.77     1.86       1.578
  -14.97    -6.11   -48.73      -16.58    -5.79   -47.75       1.909
  -35.41   -28.23   -27.77      -34.96   -27.47   -29.12       1.617
   26.87    -7.65     8.55       27.59    -7.37     8.44       0.785
   -3.49   -12.61   -40.55       -3.09   -13.86   -39.42       1.740
   -5.70    24.13    23.92       -5.52    24.88    24.13       0.796
   -5.01    23.80    22.16       -5.22    24.12    20.29       1.914
   27.85    20.60   -21.50       29.59    20.31   -19.34       2.787
  -40.06   -17.29   -15.78      -39.48   -18.10   -15.44       1.061
   23.25   -12.57    -3.82       21.62   -13.19    -2.76       2.038
   20.39   -10.95   -22.74       20.34   -11.00   -21.48       1.264
  -35.79    -0.68   -42.01      -38.49    -1.34   -38.20       4.713
   17.46   -17.54    -6.82       17.20   -17.15    -5.56       1.349
    9.44    25.87     3.27       12.73    27.43     3.40       3.635
  -16.36   -14.27   -49.56      -16.64   -14.19   -48.41       1.186
  -43.55   -14.87   -24.19      -43.25   -14.79   -24.23       0.315
   34.10    -4.54    -2.97       35.91    -2.59    -1.74       2.932
    6.41    21.24    32.54        5.02    21.98    32.58       1.572
   21.05    -1.24    43.35       21.16    -1.29    43.48       0.179
   -8.56    17.26    38.41       -9.63    17.30    38.57       1.083
   35.57    11.89   -13.40       36.08    12.75   -12.88       1.123
   13.57    22.34   -28.07       13.46    21.73   -28.99       1.109
    1.69    21.98     8.47        1.74    21.89     8.52       0.109
  -25.89   -32.89   -28.07      -25.65   -32.38   -26.98       1.229
  -15.49    -1.72   -47.80      -16.63    -1.88   -47.32       1.250
    4.82    19.38    43.98        6.45    20.38    45.80       2.640
   29.53    16.84    11.36       30.24    17.37    11.75       0.960
   16.16    21.94   -29.41       16.06    21.90   -29.42       0.116
   -3.88    -3.40   -33.81       -3.49    -3.33   -33.89       0.412
  -17.86   -22.84   -46.15      -18.16   -22.37   -45.47       0.878
   22.34     5.83   -31.17       22.64     5.97   -29.96       1.253
   20.34    -9.48     4.77       20.87   -10.38     2.67       2.340
   20.43    15.22    41.15       21.36    15.83    41.04       1.120
   25.96    23.14    -8.68       24.52    24.22   -10.52       2.571
   38.20     3.40   -12.94       38.32     3.05   -12.75       0.415
  -16.82   -12.23    -3.68      -17.83   -12.21    -3.73       1.018
  -33.50    -7.45    -9.86      -34.29    -6.86    -8.99       1.321
   15.09    -8.88   -22.95       17.13    -8.54   -21.88       2.322
   -2.60    15.28    53.10       -4.13    14.32    53.17       1.801
   -5.62    -0.75    61.62       -5.62    -0.75    61.62       0.002
   29.00    15.65    13.50       30.21    16.49    13.00       1.560
   -2.42   -20.01   -36.27       -2.55   -19.33   -36.43       0.710
   -9.36     5.46    27.73      -10.05     7.17    26.37       2.290
   23.34     4.29    41.06       23.83     2.93    39.76       1.945
   -0.60    -6.98    56.50        0.31    -6.65    55.63       1.300
   -0.19     0.58    62.43       -0.16     0.57    63.39       0.964
   -4.95    11.09     0.80       -4.11    10.95    -1.70       2.641
    8.92    23.59    -6.23        8.99    23.49    -5.02       1.219
   38.02     6.92     6.12       39.33     7.21     6.23       1.345
   24.20     4.12    35.39       24.31     2.37    36.47       2.066
  -37.45    -4.30   -42.52      -38.10    -4.65   -40.70       1.964
   14.02    -5.83    57.41       13.83    -5.36    58.16       0.910
   22.72    23.17     8.71       22.96    23.80     8.89       0.703
   -2.27   -22.11   -34.04       -2.48   -21.98   -33.86       0.303
  -40.40   -16.89   -34.05      -39.77   -16.74   -33.28       1.012
   29.06    13.32   -27.08       28.97    13.24   -27.00       0.142
   -3.43    17.62    43.69       -3.12    19.23    41.97       2.374
  -11.51   -21.38   -10.66      -11.54   -21.74   -10.22       0.564
   21.80     4.59    50.71       22.05     3.02    50.58       1.596
   -8.33     7.40   -22.27       -6.59     7.16   -24.05       2.503
   -1.39    17.74     6.49       -0.62    17.91     6.15       0.866
  -34.19   -29.08   -28.90      -33.70   -28.33   -29.19       0.943
  -15.10   -31.43   -34.25      -17.07   -31.39   -33.93       1.995
  -27.72    10.70   -25.00      -26.38    11.70   -26.55       2.281
  -30.40     6.51   -38.14      -29.87     6.26   -38.60       0.746
   33.59     8.01   -22.98       33.35     8.04   -23.70       0.761
   17.35    22.03    23.58       17.58    22.76    23.77       0.792
  -10.46    -5.49   -46.64      -10.54    -6.47   -46.83       1.000
   30.79    10.04   -27.33       30.91     9.07   -27.56       0.999
  -12.61    -5.28   -48.02      -12.87    -6.11   -47.67       0.933
   36.76    -1.91    -4.37       36.89    -1.88    -4.31       0.151
   -4.07   -22.01   -36.85       -4.28   -22.54   -35.62       1.359
  -25.85   -23.92   -45.00      -25.75   -23.13   -44.19       1.134
   30.06     5.64    17.76       30.81     5.97    18.18       0.919
  -35.63   -21.86   -13.65      -37.63   -21.00   -15.46       2.833
  -35.85    -8.96    -9.63      -36.18    -8.50    -8.83       0.978
  -13.27   -31.42   -30.43      -12.28   -30.55   -30.85       1.381
   27.30    -7.60   -25.43       23.45    -6.93   -25.27       3.906
   -3.25     6.03    62.39       -1.56     2.11    63.43       4.396
   21.23    13.42    43.07       21.95    13.73    43.86       1.115
   22.32    17.63    26.17       23.99    16.90    26.29       1.826
   35.28    14.27    -9.18       35.83    14.54    -9.60       0.743
   -0.15    19.81     7.12        0.08    20.06     7.98       0.923
  -16.08   -12.66   -49.65      -16.38   -12.91   -48.44       1.263
   21.97     3.97    49.23       22.15     3.07    50.14       1.295
   24.45   -12.61    -4.74       24.67   -13.69    -7.65       3.116
   -1.60    23.44    23.66       -2.53    24.23    23.91       1.244
   34.80    -4.38   -18.25       34.77    -4.39   -18.22       0.044
    4.17    23.67    14.67        2.18    23.53    12.83       2.712
   -4.67   -11.02     7.90       -5.77   -11.26     5.09       3.032
   21.09   -10.86   -22.91       20.95   -11.18   -21.46       1.495
  -12.86   -25.52   -42.63      -13.12   -24.92   -42.01       0.908
   -5.53    -2.07   -39.63       -5.87    -1.74   -39.99       0.594
    6.94   -15.84    -4.99        6.94   -15.68    -4.66       0.372
   19.59    25.10   -21.72       17.12    25.30   -21.34       2.504
   -0.45   -13.67    -0.39       -2.14   -12.63     2.08       3.161
    3.42    19.01    47.50        2.26    19.65    45.74       2.201
   16.02    -8.16    14.50       16.43    -7.63    15.15       0.929
   19.96    -2.95    43.85       21.01    -1.52    43.57       1.793
   -6.93    11.92    44.00       -6.88     9.96    43.98       1.959
   33.82    11.13   -21.27       32.54    12.25   -23.33       2.663
   32.77    14.96   -17.68       32.52    15.79   -18.46       1.168
   -8.21     7.74   -13.99       -8.18     8.22   -14.90       1.024
   -5.42     0.01   -36.18       -4.80     0.02   -35.04       1.300
   18.23    25.28   -13.31       16.94    25.13   -17.55       4.435
    4.09   -17.01   -20.37        3.10   -17.20   -20.69       1.063
   29.33     9.08    18.54       30.06     9.15    18.92       0.831
    9.01    -7.97    20.12       12.68    -7.29    20.41       3.745
    6.44    23.45    19.88        6.12    24.22    18.55       1.572
   18.28     2.90    61.88       16.57     2.74    62.95       2.020
   36.47     2.05     9.14       37.48     2.28     9.44       1.081
   15.12    -5.42    55.33       14.85    -5.05    54.57       0.888
   38.63     1.89     5.50       39.15     1.75     5.53       0.542
   13.06    -6.43    55.18       12.87    -6.16    54.73       0.558
  -12.62   -12.09   -48.45      -13.09   -13.12   -47.56       1.447
   -0.83   -15.07   -35.59       -0.71   -12.69   -35.07       2.437
   -6.16     9.73    56.13       -6.47     9.17    55.19       1.136
  -20.00   -13.07    -5.45      -20.11   -13.35    -4.93       0.598
  -16.04   -14.55    -5.15      -17.51   -14.97    -4.98       1.540
   19.41    -7.73   -24.73       20.37    -7.55   -23.55       1.527
  -22.36   -23.83    -9.56      -20.49   -23.52    -8.73       2.073
    6.51    11.30   -11.23        8.58    12.52    -9.91       2.740
   36.43    -2.77    -9.49       37.80    -1.22    -6.68       3.484
   23.60     6.05   -31.41       23.88     6.18   -30.28       1.165
   39.14     1.59    -4.55       39.41     1.39    -4.51       0.331
    7.78   -15.74   -17.81        7.52   -15.16   -17.43       0.741
    6.10   -14.54   -21.58        5.93   -13.99   -21.57       0.584
  -17.91    10.66   -34.11      -17.87    10.93   -34.18       0.277
  -44.63    -8.76   -26.65      -44.46    -8.65   -24.76       1.901
    0.49     5.47   -20.64       -0.84     6.99   -19.39       2.375
  -40.86   -15.61   -32.80      -40.29   -15.55   -32.51       0.648
   19.44   -14.04    -3.01       20.97   -13.05    -1.95       2.112
  -16.95     9.81   -36.66      -16.97     9.98   -36.90       0.300
   -9.81   -22.39   -11.58       -9.77   -22.69   -11.33       0.394
   -5.90    -2.21    51.98       -5.49    -1.35    51.86       0.969
   -9.44    16.87    13.34      -10.88    15.84    15.57       2.852
   -7.00     4.23   -30.35       -5.45     4.54   -27.52       3.244
  -36.20     3.11   -16.85      -35.91     3.34   -16.00       0.931
   10.28    -7.66    55.45       12.51    -6.36    54.76       2.681
  -21.20     2.30   -45.27      -20.22     1.64   -45.01       1.215
   16.55    20.30    38.86       16.93    21.24    39.11       1.038
  -24.34    -2.59   -48.69      -23.94    -2.10   -47.68       1.190
  -29.13     5.74   -16.11      -30.57     6.57   -15.32       1.840
   -7.10     3.43    35.51       -7.23     4.95    34.60       1.783
   10.84    10.51    62.12       12.80     9.88    63.12       2.284
   -6.93   -12.14     2.60       -6.88   -11.99     2.54       0.174
   16.95    23.16    17.48       17.05    23.88    17.66       0.754
  -31.36   -30.12   -22.09      -31.35   -29.89   -22.93       0.868
   34.66    -4.04    -7.32       37.38    -1.52    -5.59       4.091
   13.51   -12.89     3.51       13.57   -13.19     3.73       0.375
   25.72     3.61    30.17       25.26     1.80    32.27       2.807
   23.31     8.93    41.21       24.06     8.99    40.22       1.249
   38.23     0.05   -12.12       38.78     0.64   -11.31       1.141
  -13.96    18.73    33.00      -14.75    16.63    33.24       2.256
  -20.43    -2.46    -5.67      -20.95    -2.85    -5.40       0.700
   -9.28     4.97    27.97      -10.05     7.11    26.29       2.827
  -40.24   -13.35   -36.41      -39.89   -13.39   -36.81       0.534
   38.13    -0.06     5.15       38.43    -0.16     5.13       0.318
   -3.71    -4.91   -37.01       -3.03    -4.67   -37.23       0.756
   -6.04   -11.25     5.49       -5.77   -11.26     5.09       0.491
  -19.89    -4.77    -3.58      -20.12    -4.72    -3.44       0.266
  -39.64    -1.28   -37.31      -39.14    -1.35   -37.03       0.576
    6.38    -7.45    48.23        4.70    -7.17    47.78       1.765
  -17.46   -14.41    -5.66      -17.61   -14.66    -4.90       0.815
   27.71     7.53   -30.96       27.59     7.63   -30.18       0.794
  -20.67   -32.00   -18.81      -20.67   -31.84   -18.83       0.157
   32.21    -6.83     0.27       32.21    -7.06    -1.08       1.375
   10.54     3.45   -19.33       13.74     4.46   -18.35       3.497
    8.59    22.42    -7.16        8.22    21.74    -6.02       1.380
  -28.66   -29.96   -36.67      -29.01   -29.48   -35.28       1.511
   37.46     0.40   -14.75       37.29     0.42   -15.22       0.498
   12.37    21.86    29.71       13.32    22.63    29.77       1.223
    4.72   -13.41   -23.61        4.23   -13.30   -23.38       0.556
   19.98    21.50    20.98       21.70    21.65    20.28       1.865
    3.02     1.24   -23.21        5.86    -5.24   -23.39       7.079
    1.40   -12.56     5.70        2.59   -11.77     9.95       4.485
  -16.27    12.98    25.43      -14.47    11.33    25.39       2.442
