75 "PA4-A-OurOutput-Octree.txt"
   27.54    23.09     0.02       27.67    22.91    -0.95       0.991
    2.57    -7.37    31.32        2.58    -7.49    31.33       0.119
   14.99    -0.68    62.84       14.99    -0.68    62.98       0.137
   19.16   -13.54    -1.86       20.27   -12.89    -1.08       1.501
   34.02     6.10   -22.52       33.37     6.14   -23.79       1.420
   -6.63    24.01    19.97       -6.14    23.99    19.95       0.491
   -1.63   -18.76   -34.84       -2.13   -19.14   -35.98       1.304
   -9.03    21.65    35.59       -6.60    22.87    34.88       2.812
  -11.75     9.21    18.03      -11.84     8.71    17.97       0.515
   11.20    15.57    63.05       13.28    15.48    63.07       2.087
  -33.99     5.58   -35.33      -33.82     6.11   -34.46       1.028
    4.60    -6.90    37.41        4.55    -7.07    37.51       0.205
    7.48    24.60     1.47        4.79    22.17     1.68       3.637
  -26.69     9.92   -33.77      -26.69     9.91   -33.77       0.017
  -16.09    15.26    22.79      -16.32    15.39    22.66       0.297
  -12.44   -25.27   -40.79      -12.31   -25.47   -41.00       0.320
  -32.68   -18.55    -8.49      -32.40   -16.16    -7.97       2.458
    1.26    -6.24   -26.81        5.79    -7.02   -23.74       5.526
    0.96    22.21    10.72        1.03    22.13    10.73       0.111
  -31.65   -30.16   -25.23      -31.58   -30.03   -25.24       0.147
  -10.16     7.31    25.07      -10.37     7.22    25.12       0.226
  -15.15   -23.75   -43.18      -16.74   -23.46   -44.09       1.859
  -36.00    -0.20   -40.36      -38.49    -1.34   -38.20       3.491
  -26.42     4.91   -13.81      -25.94     2.04   -12.97       3.028
   24.50     3.35    38.45       24.02     2.71    38.49       0.800
  -40.75   -16.27   -15.86      -40.44   -16.20   -16.00       0.341
   15.60     9.56   -20.67       15.87     8.48   -19.46       1.643
   23.12    25.03   -12.62       23.20    24.85   -12.65       0.203
   32.94    15.72     9.77       33.81    14.88     9.28       1.301
   31.11    -2.82   -25.68       31.49    -0.77   -26.15       2.145
  -12.90    -9.44     2.49      -12.70    -9.93     1.80       0.878
    7.70   -15.86    -6.62        7.36   -16.05    -7.90       1.343
  -22.09     2.23   -44.32      -23.68     2.65   -44.39       1.647
   -4.93    23.92    32.24       -4.98    23.75    32.16       0.201
   -4.55   -17.14    -6.84       -5.66   -17.70    -7.49       1.408
    0.31    -9.22    21.56       -2.65    -9.05    23.12       3.351
   14.77     7.81    62.94       14.75     7.80    63.14       0.208
   10.98    18.94   -13.46       10.71    19.73   -12.41       1.339
   37.40    11.63    -7.21       37.14    12.42    -5.91       1.545
   -3.73    11.11    -2.20       -3.68    11.01    -2.17       0.121
   17.33    -6.37    20.48       16.88    -6.67    20.54       0.543
  -38.65     3.78   -27.92      -39.00     3.26   -27.18       0.974
   12.44   -16.85    -5.53       13.12   -17.26    -5.40       0.803
  -22.90     8.20   -38.33      -23.76     8.27   -38.42       0.871
   -6.44     6.68    44.94       -6.96     6.67    44.94       0.525
   22.66     8.88    53.61       22.08     8.88    53.52       0.586
   26.49     4.61    30.41       25.88     6.42    32.12       2.563
   25.24    24.07     4.10       27.05    22.97     3.86       2.128
  -25.84   -17.10    -6.36      -26.92   -15.99    -7.04       1.689
  -39.60   -22.87   -28.68      -39.32   -23.46   -26.76       2.034
   28.05    -2.03   -27.51       27.55    -1.36   -28.73       1.475
   21.32    25.84    -6.51       23.78    24.59    -9.73       4.246
   30.86     7.13    17.90       30.84     7.13    17.89       0.019
  -37.61   -10.96   -42.70      -37.01    -9.16   -43.25       1.971
  -14.63    -4.79     4.19      -14.59    -4.78     4.15       0.054
   -8.68    -1.88    21.33       -8.70    -2.67    21.86       0.951
    5.24     7.11    63.35        5.98     7.13    63.24       0.753
   -1.87     7.28   -19.16       -0.94     7.25   -18.94       0.957
  -38.02    -7.76   -10.35      -38.19    -7.89   -11.19       0.864
   12.56    -8.26    14.66       13.39    -8.59    13.53       1.443
   18.89     2.27   -24.40       18.69     1.66   -23.51       1.098
    4.51    18.88    60.56        3.79    17.77    62.78       2.581
   13.50   -14.89   -14.54        9.54   -14.75   -16.29       4.328
   20.52    25.18   -22.31       17.12    25.30   -21.34       3.542
  -40.55   -14.25   -14.66      -40.58   -14.33   -15.46       0.803
   -0.32    -9.70   -29.84       -0.43   -11.34   -32.80       3.389
   -3.18    12.06    -0.67       -4.04    10.97    -1.77       1.777
    2.04    17.99    59.27        0.94    17.68    59.38       1.147
    2.10    19.69    45.54        2.11    19.62    45.54       0.069
    6.32    22.52    31.16        7.10    22.32    31.43       0.850
   24.21     5.57    42.15       23.61     6.35    43.90       2.012
   27.91     1.59    23.76       28.40     5.99    23.79       4.424
   27.47     4.30   -30.29       27.47     5.42   -29.93       1.171
   19.19    25.21     9.57       20.36    24.69     9.35       1.300
  -43.78    -7.64   -21.29      -43.55    -8.30   -22.12       1.089
