200 "PA4-F-OurOutput-Linear.txt"
   15.77    -5.50    34.55       15.79    -5.55    34.55       0.053
  -16.33    -1.23     1.13      -16.53    -1.19     1.25       0.231
   20.74   -12.10    -0.55       20.81   -12.22    -0.48       0.149
  -25.85   -23.27    -8.14      -25.79   -22.96    -8.44       0.430
    4.58    -4.65    62.77        4.59    -4.62    63.41       0.645
   35.37     4.58   -20.80       35.13     4.58   -20.73       0.242
  -40.68   -22.37   -22.72      -39.89   -21.84   -22.83       0.959
   -6.87     8.96    -2.59       -6.89     8.99    -2.59       0.042
  -29.33   -30.19   -35.30      -29.07   -29.56   -35.04       0.729
    7.49    12.34   -10.58        7.65    11.91   -10.20       0.595
   15.07    24.71    12.84       15.14    25.15    12.95       0.459
    0.40    -6.60   -27.80        0.58    -6.57   -27.96       0.251
   13.39    23.88    19.37       13.44    24.11    19.41       0.242
    9.69    22.46    -7.94        9.77    22.39    -7.90       0.119
  -26.04    10.88   -23.10      -26.09    11.33   -22.99       0.466
   24.46    12.10    40.77       23.35    11.77    40.66       1.164
   22.27    25.22    -0.85       22.40    25.56    -0.82       0.371
   -4.36     0.10    56.63       -5.81    -0.40    56.63       1.534
  -41.16     0.78   -24.22      -40.84     0.60   -24.28       0.375
  -19.73   -30.97   -16.60      -19.76   -30.84   -16.71       0.176
   33.66    16.05    -3.41       33.95    16.30    -3.39       0.378
   15.25    25.52     9.61       15.35    26.08     9.78       0.592
   -8.96    18.03    37.20       -9.48    18.46    38.12       1.135
    6.59    20.34    -4.72        6.67    20.31    -4.69       0.097
  -17.53     4.46   -42.63      -17.55     4.54   -42.73       0.126
   12.40    24.05    19.35       12.41    24.20    19.38       0.160
   31.57    -7.33     5.33       31.57    -7.33     5.33       0.002
  -12.33    11.16    19.51      -12.54    11.00    19.40       0.285
  -36.27     2.71   -36.82      -36.29     2.73   -36.83       0.024
   23.50   -10.66    -0.09       23.54   -10.79    -0.04       0.139
   18.38    18.96   -30.45       18.26    18.83   -30.18       0.320
  -19.25     5.77   -41.41      -19.26     5.82   -41.47       0.083
  -19.93    -6.74   -48.52      -19.87    -6.72   -48.74       0.230
   11.41    25.13    -6.09       11.36    25.18    -6.12       0.081
   14.46    -5.24    52.46       14.46    -5.23    52.46       0.010
  -28.05   -30.91   -17.64      -27.56   -30.22   -17.95       0.901
  -12.41   -30.66   -30.32      -12.41   -30.67   -30.32       0.008
   -0.24    16.29    60.79       -0.46    16.60    60.85       0.392
   -4.37    14.26     6.99       -4.29    14.20     7.02       0.104
  -38.80   -23.26   -34.21      -38.05   -22.74   -33.95       0.954
  -23.08    10.01   -35.00      -23.17    10.40   -35.08       0.408
    7.84   -15.44    -2.64        7.90   -15.26    -2.67       0.198
  -33.73   -23.55   -40.96      -33.35   -23.19   -40.49       0.704
   20.28   -11.12     1.40       20.36   -11.32     1.51       0.242
   -4.53    -3.03    36.28       -5.22    -3.67    36.29       0.937
   22.35    -2.81    32.72       22.25    -2.71    32.68       0.143
   26.37    -4.81   -28.05       26.84    -3.83   -26.70       1.740
  -26.80    -8.77    -6.77      -26.73    -8.81    -6.89       0.149
   40.45     3.01    -6.38       40.41     3.01    -6.37       0.043
   28.19    21.50    -7.77       28.65    22.08    -7.73       0.736
    3.44    21.45    35.84        3.44    21.41    35.83       0.039
   12.99     5.18    61.81       12.91     5.22    62.97       1.162
   29.11     3.22    20.94       29.23     3.21    21.00       0.141
   14.08    11.90    61.89       14.04    11.92    63.13       1.244
   17.21   -10.88   -21.71       17.54   -10.02   -20.73       1.347
  -43.51   -16.64   -23.23      -42.68   -16.24   -23.36       0.931
    3.07    21.83     5.77        3.13    21.75     5.80       0.098
  -21.76   -12.21   -49.63      -21.70   -12.09   -49.34       0.312
   30.63    -4.11   -26.84       30.33    -4.01   -26.18       0.737
  -36.63     2.20   -37.32      -36.60     2.16   -37.29       0.057
  -12.04   -15.72    -4.34      -12.04   -15.64    -4.39       0.088
   23.47    -1.08    33.36       23.53    -1.13    33.38       0.075
   -1.16   -15.53   -34.29       -0.32   -15.45   -34.47       0.858
  -15.47    10.31   -30.56      -15.18    10.89   -30.68       0.653
   -4.08   -18.29    -8.51       -4.10   -18.04    -8.62       0.280
   20.08    23.60    13.34       20.15    23.84    13.39       0.262
  -40.26   -16.65   -14.36      -39.67   -16.42   -14.77       0.753
   -4.53    -9.78   -40.87       -4.03    -9.81   -41.33       0.674
   -5.34   -10.50     6.87       -5.40   -10.72     6.94       0.238
  -10.86    -7.51     6.24      -10.95    -7.60     6.33       0.159
   -7.79    17.69    13.13       -7.51    17.61    13.51       0.479
   20.04    25.42     5.48       20.20    25.79     5.58       0.416
  -43.71   -17.08   -25.19      -42.80   -16.65   -25.33       1.016
  -25.73   -26.93   -11.12      -25.75   -26.69   -11.41       0.373
   -5.78   -25.94   -20.51       -5.71   -26.04   -20.46       0.125
  -42.92    -7.55   -17.73      -42.44    -7.54   -18.10       0.600
   17.78    25.16   -13.05       17.75    25.57   -13.09       0.408
   -6.51   -25.48   -34.71       -6.56   -25.43   -34.69       0.067
   12.52    23.23   -12.79       12.54    23.20   -12.78       0.031
  -11.50     7.72   -17.47      -11.33     8.41   -17.16       0.777
   15.03     8.09    61.77       15.00     8.08    63.15       1.385
    9.54    19.63   -11.05        9.97    19.46   -10.88       0.498
  -30.56   -20.03    -7.60      -30.34   -19.84    -8.03       0.518
   13.50    -5.47    60.12       13.52    -5.50    60.12       0.026
   31.42     4.25   -27.68       31.07     4.29   -27.48       0.402
   -7.05    25.25    24.93       -7.05    25.06    24.94       0.190
    8.07    25.18    12.49        8.05    25.31    12.51       0.133
   22.41    -2.12    36.09       21.99    -1.71    36.02       0.594
   -3.65   -21.52   -15.17       -3.59   -21.59   -15.13       0.103
   23.96    -7.03   -26.80       23.90    -6.46   -25.45       1.464
    3.21    19.15    56.10        3.31    18.80    56.08       0.365
    4.24    -8.79    21.13        4.22    -8.74    21.12       0.054
   24.04    -9.52   -25.40       23.85    -8.74   -24.37       1.306
    6.93   -16.44    -6.02        7.03   -15.93    -6.10       0.531
   11.32    19.16   -23.03       11.28    19.17   -23.03       0.046
   36.59    -2.21     7.48       36.75    -2.36     7.54       0.223
  -40.81    -7.26   -14.14      -40.38    -7.38   -14.44       0.533
   22.15   -15.66    -7.76       22.23   -15.75    -7.73       0.121
   -8.84    -4.66    14.11       -9.31    -4.91    14.22       0.544
    2.57   -18.29   -18.96        2.37   -18.01   -18.91       0.347
   -5.06    15.40     9.01       -5.02    15.35     9.05       0.069
   35.38    14.17   -11.60       35.49    14.21   -11.63       0.122
    2.38   -16.49   -23.78        2.42   -16.51   -23.80       0.041
   -9.61   -25.65   -14.85       -9.64   -25.61   -14.88       0.060
   -8.76   -26.92   -17.93       -8.59   -27.11   -17.79       0.292
   38.52    10.19    -2.07       38.80    10.34    -2.06       0.316
   -2.77    24.11    18.76       -2.77    23.79    18.83       0.324
   10.64    22.68    30.49       10.64    22.53    30.47       0.159
   -3.31    14.08    56.41       -3.70    14.51    56.45       0.576
   17.09   -17.44   -13.22       17.21   -16.68   -12.93       0.821
   -5.72    -4.23    26.90       -6.13    -4.64    26.91       0.573
  -34.68     4.94   -17.48      -34.74     5.00   -17.46       0.085
    9.48    25.94     4.81        9.43    26.21     4.81       0.274
   25.67    14.18    26.13       25.53    14.10    26.08       0.160
   -1.11   -12.11   -31.96       -0.18   -11.75   -32.06       0.997
   26.01    -5.45    13.92       26.01    -5.44    13.92       0.011
    8.21   -15.18    -1.10        8.23   -15.10    -1.11       0.081
    8.98    -6.57    61.73        9.13    -7.22    61.70       0.662
   -3.75    12.87    53.69       -4.65    13.43    53.73       1.069
  -16.01   -11.59   -48.55      -16.02   -11.59   -48.50       0.050
   -6.14     4.76    35.57       -7.12     4.64    35.64       0.990
  -31.70     9.11   -25.44      -31.75     9.19   -25.44       0.087
  -10.81    22.14    18.18      -10.67    21.95    18.38       0.310
   13.00    20.88   -30.21       13.10    20.53   -29.65       0.669
    0.95    15.83     0.95        0.99    15.77     0.98       0.085
   13.78   -17.90    -6.65       13.76   -17.53    -6.72       0.376
   17.13    16.95    61.27       17.17    16.98    61.28       0.049
   -9.87    12.29    13.12       -9.83    12.27    13.14       0.048
   36.25    12.85     6.16       36.76    13.31     6.40       0.730
  -38.43    -1.67   -39.28      -38.09    -1.83   -39.02       0.465
  -41.16    -8.20   -37.44      -40.28    -8.23   -37.23       0.910
   31.42    -1.11   -26.70       31.15    -0.82   -26.37       0.511
  -15.29     0.62     2.73      -15.45     0.71     2.79       0.198
  -12.82    -6.02     5.44      -13.05    -6.10     5.61       0.296
   -2.05   -15.93   -36.48       -1.51   -16.10   -36.75       0.631
   -1.24    21.39    37.63       -1.25    21.34    37.62       0.049
   18.77    20.87    38.69       18.26    20.50    38.59       0.630
  -28.31    -5.42   -47.86      -28.20    -5.44   -47.62       0.263
    0.10    -6.22    34.85       -0.12    -7.02    35.03       0.845
  -10.64   -28.78   -34.27      -10.64   -28.78   -34.27       0.007
   -3.35   -20.78   -13.55       -3.34   -20.80   -13.54       0.024
    4.54   -17.71   -13.52        4.33   -17.35   -13.52       0.419
   -6.89     2.65    29.96       -7.72     2.51    30.14       0.864
   32.64     6.51   -25.58       32.45     6.52   -25.47       0.223
    3.09    -6.44    44.07        3.06    -6.89    44.09       0.451
   29.69    13.08    15.90       30.17    13.21    16.05       0.516
  -17.78     2.61    -8.19      -17.86     2.72    -8.13       0.146
   -6.20     9.24    41.19       -7.19     9.19    41.33       1.002
   -2.86     4.83   -22.85       -2.80     4.97   -22.96       0.191
    7.03    19.89    -6.67        7.44    19.69    -6.43       0.517
   -3.10    -2.24    53.46       -4.13    -3.07    53.31       1.325
   -5.91   -19.40   -40.16       -5.57   -19.53   -40.41       0.446
   18.59    25.32   -12.62       18.56    25.66   -12.66       0.346
   30.98     6.00   -28.30       30.70     6.10   -27.88       0.513
   -7.22    23.67    32.65       -7.24    23.79    32.71       0.142
   -6.17    15.15    40.55       -7.33    15.38    40.92       1.235
  -37.18   -26.58   -30.70      -36.45   -25.84   -30.58       1.037
  -13.24   -31.57   -25.72      -13.32   -31.29   -25.73       0.292
   -5.45     8.71    -5.93       -5.56     8.92    -5.97       0.240
    1.76   -12.61   -26.68        1.86   -12.63   -26.76       0.127
  -12.91     7.49   -35.93      -12.60     8.15   -36.16       0.764
  -25.72   -32.88   -30.49      -25.55   -32.22   -30.31       0.709
   23.13     5.11    52.21       22.18     5.28    52.07       0.983
  -19.30    -5.70    -2.47      -19.33    -5.71    -2.42       0.056
   16.46    15.36    61.77       16.74    15.67    62.54       0.873
   29.89    -9.24    -0.97       29.85    -9.18    -0.98       0.069
   -5.53    11.78    44.13       -6.56    11.93    44.27       1.053
  -20.56   -33.26   -28.19      -20.56   -32.77   -28.16       0.495
  -29.47   -26.07   -41.21      -29.29   -25.70   -40.85       0.545
  -15.94   -14.38   -48.62      -15.98   -14.29   -48.37       0.267
  -37.29   -18.88   -11.81      -36.80   -18.65   -12.11       0.614
   34.27    15.47     5.39       34.75    15.96     5.45       0.689
  -29.13   -24.50    -9.88      -28.93   -24.17   -10.19       0.499
   -9.28    24.69    28.68       -9.28    24.74    28.70       0.056
   -3.27    18.75    10.11       -3.14    18.62    10.22       0.217
  -40.23     2.20   -26.87      -39.92     1.98   -26.85       0.384
   18.29    -2.70    54.78       17.99    -2.42    54.77       0.415
   31.70    -7.94    -7.08       31.50    -7.73    -7.02       0.285
   19.65    16.90    57.49       18.52    15.99    57.41       1.450
  -43.79    -3.93   -26.28      -43.28    -4.14   -26.29       0.553
   -9.12   -12.66     0.32       -9.12   -12.62     0.30       0.047
   -4.27    -4.43    32.67       -4.82    -4.93    32.94       0.790
   -0.21    -8.94    22.38       -0.21    -9.22    22.42       0.282
   -7.35   -28.06   -26.54       -7.31   -28.12   -26.54       0.071
   -7.05    -6.06    19.83       -7.27    -6.24    19.85       0.282
    7.47    20.41    50.54        7.39    20.63    50.56       0.228
  -33.58     2.46   -39.74      -33.60     2.49   -39.76       0.038
   32.55    -8.28   -14.30       32.51    -8.24   -14.30       0.065
  -22.48   -31.40   -16.58      -22.31   -30.74   -16.86       0.734
  -26.96   -32.34   -31.96      -26.69   -31.70   -31.83       0.711
   11.96    20.55   -16.44       12.04    20.52   -16.43       0.083
    1.80    -5.86   -26.29        1.88    -5.83   -26.39       0.128
   -1.90    -3.67    53.90       -2.91    -4.65    53.84       1.411
    8.83    -6.64    61.58        8.96    -7.25    61.55       0.619
   12.13    15.07   -28.58       13.12    15.57   -28.39       1.121
    7.14    -9.01   -23.69        7.07    -8.88   -23.50       0.248
  -13.91   -25.90   -41.52      -13.94   -25.79   -41.42       0.154
   -8.47   -12.32     1.29       -8.46   -12.23     1.24       0.100
  -27.48   -29.82   -36.92      -27.32   -29.29   -36.68       0.608
   -6.80   -19.79    -9.84       -6.80   -19.81    -9.82       0.025
