200 "PA4-E-OurOutput-KDTree.txt"
  -39.42   -13.82   -41.32      -38.69   -13.65   -40.72       0.963
   14.68   -14.13     0.54       14.78   -14.35     0.67       0.276
   12.71    25.39    -7.46       12.70    25.49    -7.50       0.111
  -31.95    -7.40   -47.66      -31.52    -7.65   -46.69       1.091
    2.95    -8.46    27.00        2.86    -8.01    26.89       0.470
  -28.94   -31.28   -32.29      -28.71   -30.78   -32.19       0.566
   20.43    15.55    41.24       21.18    16.00    41.41       0.891
  -37.94   -23.57   -35.31      -37.35   -23.16   -35.10       0.750
    5.61    -8.15    25.78        5.53    -7.75    25.74       0.414
  -21.39   -14.85   -49.68      -21.16   -14.50   -48.61       1.149
  -10.31   -28.29   -35.99      -10.52   -27.92   -35.83       0.450
   31.67     3.51   -26.60       31.57     3.53   -26.53       0.122
    4.57   -12.87     5.30        4.61   -12.45     5.19       0.432
   -6.31    -1.10    48.36       -5.67    -0.88    48.35       0.678
   29.84    20.33    -1.26       30.21    20.82    -1.28       0.607
   -7.42    24.40    23.66       -7.41    24.87    23.53       0.486
   11.45    20.11   -23.57       11.61    20.04   -23.58       0.164
  -13.00     4.21     6.92      -12.87     4.17     6.92       0.143
  -33.08   -11.09   -47.54      -32.80   -11.14   -46.43       1.148
   25.84    -6.70    11.38       25.83    -6.63    11.36       0.070
   20.46    -0.90    48.45       20.52    -0.96    48.45       0.080
   17.79    -0.71    61.23       18.06    -0.90    61.59       0.494
   29.50    20.48    -2.17       29.90    21.00    -2.20       0.662
   25.45    -9.62     2.41       25.44    -9.54     2.38       0.083
  -14.86    -5.89   -48.71      -14.87    -5.93   -47.73       0.981
  -35.45   -27.97   -27.85      -35.08   -27.51   -27.82       0.593
   26.85    -7.78     8.65       26.83    -7.38     8.54       0.413
   -3.43   -12.47   -40.53       -3.63   -12.44   -40.36       0.263
   -5.59    24.11    24.04       -5.45    24.83    23.93       0.743
   -4.90    23.78    22.28       -4.77    24.42    22.18       0.661
   28.04    20.54   -21.32       28.01    20.52   -21.31       0.038
  -40.07   -17.04   -15.84      -40.06   -17.03   -15.85       0.012
   23.23   -12.66    -3.74       23.36   -12.91    -3.54       0.342
   20.42   -10.97   -22.66       20.51   -10.59   -21.64       1.088
  -35.67    -0.38   -42.02      -35.32    -0.78   -41.57       0.694
   17.43   -17.59    -6.77       17.39   -17.36    -6.80       0.230
    9.60    25.83     3.43        9.46    26.24     3.50       0.440
  -16.29   -14.04   -49.57      -16.18   -14.11   -48.46       1.122
  -43.53   -14.58   -24.26      -43.33   -14.53   -24.28       0.215
   34.12    -4.68    -2.84       34.08    -4.65    -2.84       0.048
    6.49    21.14    32.67        6.42    22.02    32.83       0.894
   20.99    -1.44    43.45       21.05    -1.47    43.46       0.069
   -8.51    17.21    38.51       -8.95    17.63    38.94       0.739
   35.69    11.77   -13.23       36.04    11.83   -13.36       0.380
   13.77    22.37   -27.92       13.75    22.48   -28.00       0.139
    1.82    21.96     8.60        1.81    21.98     8.59       0.018
  -25.95   -32.67   -28.14      -25.87   -32.26   -28.12       0.418
  -15.36    -1.50   -47.77      -15.55    -1.80   -47.01       0.841
    4.86    19.25    44.11        4.69    20.22    44.21       0.988
   29.63    16.68    11.54       30.29    17.18    11.90       0.908
   16.37    21.96   -29.25       16.34    21.90   -29.21       0.071
   -3.79    -3.27   -33.76       -3.49    -3.22   -33.82       0.311
  -17.83   -22.61   -46.18      -18.11   -22.19   -45.57       0.791
   22.47     5.82   -31.04       22.73     5.94   -29.98       1.100
   20.32    -9.58     4.85       20.37    -9.66     4.89       0.104
   20.46    15.03    41.30       21.40    15.59    41.51       1.118
   26.12    23.05    -8.50       26.33    23.51    -8.51       0.504
   38.28     3.26   -12.79       38.26     3.26   -12.78       0.021
  -16.83   -12.13    -3.68      -16.97   -12.31    -3.39       0.372
  -33.47    -7.25    -9.88      -33.64    -6.76    -8.92       1.092
   15.14    -8.88   -22.87       15.19    -8.55   -21.78       1.145
   -2.60    15.17    53.20       -2.98    15.53    53.22       0.516
   -5.71    -0.87    61.67       -5.62    -0.87    61.68       0.090
   29.09    15.49    13.66       29.75    15.99    14.15       0.965
   -2.40   -19.88   -36.27       -2.62   -19.73   -36.12       0.303
   -9.36     5.45    27.79       -9.08     5.56    27.73       0.309
   23.32     4.09    41.18       23.73     4.02    41.26       0.422
   -0.71    -7.11    56.54       -0.37    -6.31    56.49       0.878
   -0.27     0.43    62.50       -0.25     0.42    63.39       0.898
   -4.86    11.13     0.88       -4.87    11.14     0.88       0.010
    9.09    23.58    -6.09        9.36    23.30    -5.91       0.429
   38.08     6.74     6.28       38.92     6.94     6.89       1.057
   24.18     3.93    35.51       24.77     3.84    35.70       0.621
  -37.34    -3.99   -42.54      -36.70    -4.19   -41.83       0.982
   13.92    -6.04    57.49       13.63    -5.55    57.44       0.573
   22.85    23.05     8.88       23.11    23.72     9.03       0.728
   -2.27   -21.99   -34.03       -2.46   -21.89   -33.90       0.256
  -40.37   -16.58   -34.11      -39.79   -16.75   -34.13       0.604
   29.22    13.27   -26.92       29.14    13.20   -26.85       0.125
   -3.39    17.54    43.80       -3.72    18.12    44.02       0.702
  -11.55   -21.28   -10.67      -11.58   -21.69   -10.18       0.637
   21.75     4.37    50.83       22.18     4.30    50.90       0.436
   -8.21     7.52   -22.20       -7.88     7.97   -22.16       0.559
   -1.28    17.75     6.60       -1.09    17.64     6.74       0.264
  -34.23   -28.82   -28.98      -33.85   -28.27   -28.90       0.677
  -15.14   -31.25   -34.30      -15.28   -30.79   -34.06       0.533
  -27.58    10.91   -24.96      -27.67    11.12   -24.96       0.219
  -30.25     6.77   -38.12      -30.11     6.52   -37.96       0.330
   33.71     7.93   -22.82       33.75     7.93   -22.84       0.038
   17.44    21.90    23.74       17.69    22.73    23.79       0.866
  -10.35    -5.30   -46.61      -10.57    -5.46   -46.34       0.378
   30.94     9.98   -27.18       30.86     9.94   -27.12       0.107
  -12.50    -5.08   -48.00      -12.76    -5.27   -47.37       0.705
   36.79    -2.06    -4.23       36.75    -2.01    -4.23       0.065
   -4.06   -21.88   -36.85       -4.33   -21.67   -36.66       0.395
  -25.83   -23.66   -45.05      -25.75   -22.97   -44.35       0.988
   30.09     5.46    17.90       30.74     5.43    18.25       0.742
  -35.67   -21.64   -13.72      -35.84   -21.82   -13.58       0.290
  -35.84    -8.74    -9.66      -36.22    -8.28    -8.98       0.909
  -13.32   -31.26   -30.47      -13.41   -30.99   -30.44       0.286
   27.35    -7.65   -25.33       27.17    -7.21   -24.60       0.872
   -3.31     5.90    62.47       -3.32     5.92    63.34       0.872
   21.24    13.22    43.21       22.07    13.71    43.40       0.981
   22.39    17.47    26.33       23.12    17.98    26.58       0.923
   35.41    14.14    -9.00       35.86    14.49    -8.95       0.572
   -0.03    19.81     7.24        0.13    19.68     7.33       0.225
  -16.00   -12.44   -49.65      -15.86   -12.37   -48.46       1.197
   21.93     3.75    49.35       22.30     3.69    49.37       0.379
   24.44   -12.70    -4.66       24.62   -13.07    -4.58       0.419
   -1.50    23.40    23.79       -1.43    24.13    23.82       0.738
   34.86    -4.48   -18.12       34.78    -4.43   -18.10       0.098
    4.29    23.63    14.81        4.05    24.41    14.65       0.838
   -4.70   -11.00     7.93       -4.61   -10.65     7.83       0.377
   21.12   -10.88   -22.83       21.49   -10.16   -22.13       1.070
  -12.85   -25.33   -42.66      -13.14   -24.82   -42.11       0.804
   -5.42    -1.92   -39.58       -5.50    -1.96   -39.54       0.097
    6.92   -15.85    -4.96        6.94   -15.73    -4.98       0.125
   19.79    25.08   -21.54       19.97    25.46   -21.54       0.425
   -0.48   -13.65    -0.36       -0.49   -13.53    -0.41       0.131
    3.45    18.89    47.62        3.30    19.56    47.71       0.694
   15.99    -8.26    14.58       15.92    -7.89    14.50       0.379
   19.90    -3.14    43.95       19.57    -2.79    43.86       0.492
   -6.92    11.85    44.08       -6.62    11.85    43.97       0.322
   33.95    11.04   -21.11       33.92    11.04   -21.09       0.034
   32.92    14.87   -17.51       33.18    15.00   -17.58       0.304
   -8.10     7.83   -13.92       -8.12     8.19   -13.91       0.359
   -5.31     0.15   -36.13       -5.18     0.21   -36.16       0.147
   18.42    25.25   -13.14       18.39    25.60   -13.17       0.358
    4.09   -16.95   -20.34        3.91   -16.75   -20.26       0.286
   29.37     8.91    18.69       30.03     8.97    19.03       0.738
    8.96    -8.05    20.18        8.93    -7.69    20.14       0.356
    6.55    23.39    20.03        6.52    24.03    20.11       0.648
   18.20     2.66    61.99       18.19     2.65    62.97       0.980
   36.50     1.87     9.29       37.13     1.80     9.83       0.833
   15.02    -5.62    55.41       14.71    -5.08    55.38       0.630
   38.66     1.70     5.65       39.10     1.59     5.67       0.453
   12.95    -6.62    55.26       12.72    -6.21    55.23       0.474
  -12.53   -11.88   -48.44      -13.01   -11.80   -47.64       0.934
   -0.79   -14.95   -35.57       -0.77   -14.95   -35.58       0.024
   -6.19     9.62    56.21       -6.30     9.68    56.20       0.122
  -20.01   -12.94    -5.46      -20.13   -13.25    -4.89       0.663
  -16.06   -14.45    -5.15      -16.16   -14.68    -4.90       0.359
   19.46    -7.74   -24.64       19.47    -7.28   -23.67       1.074
  -22.42   -23.68    -9.60      -22.57   -24.27    -8.94       0.899
    6.63    11.32   -11.12        6.66    11.05   -10.96       0.312
   36.47    -2.90    -9.35       36.50    -2.94    -9.35       0.045
   23.73     6.04   -31.28       23.97     6.15   -30.30       1.009
   39.20     1.43    -4.40       39.34     1.32    -4.38       0.177
    7.78   -15.71   -17.77        7.53   -15.16   -17.41       0.700
    6.12   -14.50   -21.54        5.83   -14.22   -21.36       0.437
  -17.75    10.86   -34.05      -17.74    10.94   -34.07       0.083
  -44.58    -8.46   -26.70      -44.01    -8.52   -26.56       0.584
    0.60     5.54   -20.56        0.52     5.39   -20.41       0.224
  -40.83   -15.31   -32.86      -40.22   -15.38   -32.68       0.643
   19.41   -14.11    -2.94       19.54   -14.36    -2.75       0.332
  -16.79    10.00   -36.60      -16.79    10.02   -36.61       0.016
   -9.86   -22.30   -11.59       -9.80   -22.67   -11.29       0.480
   -5.98    -2.31    52.03       -5.22    -1.81    51.96       0.912
   -9.34    16.89    13.43       -8.96    16.53    14.07       0.836
   -6.88     4.36   -30.29       -6.68     4.54   -30.38       0.281
  -36.11     3.34   -16.85      -36.19     3.43   -16.82       0.124
   10.16    -7.84    55.51        9.97    -6.86    55.53       1.003
  -21.06     2.54   -45.24      -21.07     2.14   -44.68       0.689
   16.61    20.13    39.02       17.02    21.15    39.29       1.132
  -24.21    -2.33   -48.68      -23.94    -2.24   -47.67       1.050
  -29.03     5.94   -16.09      -28.98     6.53   -15.26       1.020
   -7.12     3.38    35.57       -6.99     3.39    35.55       0.126
   10.80    10.31    62.23       10.82    10.31    63.16       0.924
   -6.96   -12.10     2.62       -6.91   -11.97     2.57       0.150
   17.07    23.04    17.64       17.30    23.78    17.83       0.790
  -31.42   -29.90   -22.17      -31.33   -29.76   -22.20       0.166
   34.69    -4.17    -7.19       34.76    -4.25    -7.18       0.107
   13.47   -12.95     3.57       13.53   -13.19     3.75       0.300
   25.71     3.42    30.30       26.14     3.39    30.41       0.448
   23.31     8.72    41.35       23.87     8.77    41.46       0.580
   38.30    -0.08   -11.98       38.33    -0.10   -11.99       0.041
  -13.90    18.73    33.09      -14.23    18.80    33.29       0.392
  -20.39    -2.33    -5.66      -20.59    -2.20    -5.53       0.271
   -9.27     4.96    28.03       -8.85     5.13    27.89       0.477
  -40.19   -13.04   -36.46      -39.96   -13.03   -36.44       0.240
   38.16    -0.24     5.30       38.39    -0.32     5.28       0.248
   -3.62    -4.77   -36.97       -3.04    -4.57   -37.15       0.645
   -6.07   -11.22     5.52       -5.98   -11.04     5.46       0.206
  -19.87    -4.65    -3.57      -20.09    -4.60    -3.43       0.259
  -39.53    -0.98   -37.33      -39.06    -1.26   -37.07       0.603
    6.28    -7.59    48.29        6.22    -6.99    48.28       0.603
  -17.47   -14.30    -5.67      -17.44   -14.51    -4.86       0.836
   27.84     7.50   -30.82       27.59     7.59   -30.18       0.695
  -20.75   -31.83   -18.88      -20.75   -31.85   -18.87       0.015
   32.21    -6.96     0.39       32.18    -6.93     0.39       0.048
   10.64     3.47   -19.23       10.72     3.13   -18.87       0.507
    8.75    22.42    -7.02        9.04    22.16    -6.87       0.420
  -28.69   -29.71   -36.74      -28.49   -29.04   -36.45       0.763
   37.53     0.27   -14.61       37.56     0.27   -14.62       0.031
   12.45    21.74    29.86       12.44    22.60    29.95       0.869
    4.74   -13.36   -23.57        4.39   -13.15   -23.28       0.500
   20.08    21.36    21.15       20.31    22.05    21.19       0.730
    3.12     1.31   -23.14        2.92     1.12   -22.70       0.512
    1.37   -12.56     5.74        1.40   -12.03     5.61       0.552
  -16.22    13.00    25.50      -15.33    13.37    25.59       0.971
