200 "PA4-G-OurOutput-Octree.txt"
    5.28   -11.30   -23.14        5.79   -11.76   -22.53       0.917
   -4.56    -6.75    27.46       -4.29    -6.54    27.32       0.371
   23.92   -15.05   -15.45       23.86   -14.98   -15.42       0.102
  -22.78     3.55   -44.13      -23.48     3.48   -43.80       0.772
   14.27    -0.48   -21.26       16.87    -0.11   -22.14       2.765
    3.54    -0.41   -22.95        5.86    -5.24   -23.39       5.379
  -19.20    12.34   -29.58      -19.05    12.34   -27.61       1.975
    7.55    -7.05    52.02        4.75    -7.19    52.13       2.804
  -41.31   -19.99   -25.71      -41.34   -20.01   -25.47       0.247
  -34.17   -23.72   -14.35      -33.10   -25.45   -15.04       2.145
  -12.66   -19.42   -45.05      -11.85   -16.46   -46.22       3.284
    4.66     2.05   -20.97        0.98     7.42   -17.94       7.176
   20.95     0.00   -25.23       20.89    -0.02   -25.28       0.076
   -5.46     2.10   -30.96       -5.13     1.24   -31.00       0.926
   -8.80    24.02    32.22       -6.37    24.03    32.46       2.442
  -11.82   -29.87   -22.79      -12.51   -29.80   -19.62       3.238
  -17.46     1.30    -2.62      -19.00    -3.16    -2.13       4.751
   31.77     5.94   -26.62       31.76     5.94   -26.62       0.014
   22.09    13.96    39.46       22.49    14.19    39.49       0.463
  -19.32   -31.90   -22.80      -19.20   -32.42   -24.22       1.518
   14.08   -16.39   -12.49       13.57   -16.83   -10.05       2.527
   36.41    11.69   -11.31       36.32    12.56   -11.20       0.879
   24.97    -2.70    24.34       23.79    -3.60    24.39       1.491
   25.88    14.74   -27.74       27.14    14.57   -27.73       1.270
   -6.37    17.62    42.47       -4.55    19.53    40.78       3.141
   23.97    11.66    34.74       24.09    13.31    33.63       1.997
  -40.62   -16.21   -16.54      -40.67   -16.22   -16.51       0.063
   20.93     0.17    46.14       21.37    -0.02    46.24       0.492
    6.45    21.92    -1.03        7.75    23.17    -2.75       2.497
   11.64    20.10   -13.33       11.10    20.52   -12.59       1.013
   40.47     2.35    -3.97       40.16     2.55    -4.02       0.369
   -1.48   -16.92   -35.99       -2.34   -18.85   -36.60       2.202
   33.16     3.22   -23.76       32.42     2.25   -24.95       1.707
   20.20    -7.30   -23.61       20.43    -7.40   -23.62       0.249
  -40.09   -10.28   -35.30      -40.29    -9.22   -33.52       2.086
  -18.18   -20.50    -7.57      -19.10   -21.90    -7.99       1.725
   -8.32    20.71    37.51       -6.56    19.96    39.09       2.476
   15.47    -7.83    15.95       15.44    -7.61    15.91       0.227
    9.97    -6.45    39.43       13.10    -6.19    39.13       3.151
  -24.24    -7.48    -6.00      -24.91    -9.85    -6.10       2.460
   -9.88     7.04    27.95      -10.14     7.88    27.30       1.085
  -37.59    -2.18   -40.29      -38.49    -1.34   -38.20       2.424
  -13.15    -6.98   -47.82      -12.96    -6.98   -47.74       0.201
   -1.95     7.62   -18.10       -1.13     7.78   -18.02       0.834
   21.80   -15.80    -6.44       22.09   -15.95    -7.93       1.529
   39.89     1.39    -4.48       39.57     1.62    -4.53       0.398
   -1.20    17.64    52.43       -0.98    17.31    52.37       0.397
  -41.93   -17.26   -21.57      -42.74   -15.68   -22.03       1.832
  -11.04     5.10   -39.56      -11.17     4.94   -39.43       0.243
   17.48    10.47   -28.15       16.09    12.37   -29.03       2.515
   -9.36   -27.35   -35.09       -9.80   -27.77   -35.31       0.647
   30.81     2.40   -27.57       31.13     2.13   -26.95       0.755
   15.65    18.08    57.58       14.94    18.90    58.60       1.493
  -42.67   -15.98   -28.94      -41.83   -16.14   -29.90       1.281
   -7.66    12.51    42.17       -7.04     9.96    42.68       2.673
   15.15    23.84   -14.75       14.90    24.04   -17.44       2.705
   -0.34    -6.31    50.29        1.20    -6.72    52.14       2.449
  -43.03   -13.72   -21.64      -43.03   -13.71   -21.74       0.099
  -27.80   -26.50   -11.96      -27.89   -26.64   -11.87       0.186
  -43.41   -10.62   -27.56      -43.37    -8.34   -29.16       2.785
   14.06   -17.64    -8.74       14.13   -17.35    -8.66       0.309
   33.31    -3.70    11.65       32.87    -4.66    10.73       1.400
   22.34     8.73   -29.85       23.65     7.89   -30.42       1.650
   19.35    16.76   -30.53       19.81    16.21   -31.12       0.930
   -2.29   -21.89   -32.91       -2.50   -22.31   -33.65       0.869
   -1.10    -7.20   -30.33       -3.03    -4.49   -32.52       3.977
   10.08    -6.47    34.34       13.01    -6.24    33.62       3.024
  -14.81    10.92   -31.18      -16.64    11.46   -31.45       1.927
   -5.16    -8.03    21.89       -4.97    -7.64    23.00       1.191
   -8.20    16.37    40.11       -9.63    17.30    38.57       2.303
   -5.55    24.75    22.20       -5.38    24.85    24.12       1.931
  -41.76    -9.23   -16.61      -41.85    -8.76   -16.58       0.485
   20.62     6.08   -28.28       22.19     5.16   -29.75       2.338
   -8.75    -7.67   -45.84       -9.91    -7.98   -46.75       1.502
  -12.91   -25.03   -12.02      -12.81   -25.18   -11.81       0.279
   -5.54    -2.43    56.17       -5.36    -1.72    55.58       0.938
  -36.02   -26.34   -23.05      -35.16   -27.35   -23.87       1.565
   19.52    14.75    52.25       19.96    14.97    52.27       0.501
   14.20    20.48    51.53       14.36    20.69    51.65       0.289
   10.44     2.55    63.23        8.97     2.56    63.07       1.484
    1.33   -12.02     6.51        2.24   -11.70    10.04       3.658
   -6.20    11.86    58.89       -5.08    12.48    58.37       1.377
    4.70    20.22    45.81        5.60    20.18    46.67       1.249
  -26.01    11.26   -21.69      -26.48    10.60   -20.22       1.675
   14.93    21.62    38.57       14.98    21.83    38.56       0.214
    2.77    23.00    29.36        2.77    22.99    29.35       0.009
   24.94   -14.33   -16.32       24.42   -14.30   -16.04       0.590
    1.65    11.64    -6.96        1.00    10.69    -8.63       2.030
   -2.90    24.40    23.73       -2.90    24.31    23.94       0.220
   23.73     3.99    38.58       23.97     2.77    38.82       1.261
  -30.41     7.05   -15.66      -30.55     6.99   -15.73       0.166
  -25.97   -22.00    -7.94      -26.50   -21.18    -7.06       1.309
   23.20   -10.77   -22.69       22.87   -11.75   -21.40       1.654
   22.06    -8.79     7.27       22.16    -7.79     9.42       2.376
  -32.14   -29.57   -26.42      -32.20   -29.75   -25.89       0.568
  -43.76   -10.90   -26.83      -44.01   -12.46   -25.24       2.243
   18.35   -14.00    -0.89       20.19   -12.88    -0.98       2.163
    3.61    -1.87   -23.51        5.86    -5.24   -23.39       4.058
   35.95    13.64    -7.23       36.00    13.94    -6.37       0.913
  -39.05    -7.21   -12.41      -38.95    -7.33   -12.33       0.177
   -5.22     0.96   -32.95       -5.34     0.91   -32.96       0.131
   24.24    12.47    32.52       24.36    13.30    32.54       0.837
    1.03    -6.59   -27.34        5.77    -7.46   -23.83       5.969
   -5.31    18.20    42.50       -4.00    19.42    41.24       2.193
   17.54    20.69   -29.03       17.05    19.76   -30.08       1.488
   13.18    22.55   -15.19       12.28    22.92   -13.12       2.293
    4.81    -4.73   -23.77        5.86    -5.24   -23.39       1.230
  -25.29   -29.26   -37.64      -25.32   -29.38   -37.70       0.136
   28.56    -6.71   -24.53       23.54    -6.34   -25.51       5.129
  -25.36     9.34   -36.55      -25.23     9.12   -36.59       0.250
    4.86   -16.34   -18.77        5.84   -15.71   -18.45       1.203
   25.68   -13.90   -16.78       24.37   -14.30   -16.12       1.518
    7.12    21.72    -2.69        7.50    22.40    -3.51       1.131
  -29.19    -1.05   -45.32      -27.15    -0.69   -45.74       2.110
    2.84    -2.86   -24.31        5.86    -5.24   -23.39       3.951
  -39.53   -13.12   -13.68      -38.69   -14.03   -12.63       1.618
  -17.87    -5.45    -0.73      -18.35    -5.24    -1.72       1.122
   -9.17     8.69    32.97       -8.68     8.41    33.19       0.604
    7.11    17.19    -6.30        7.83    16.54    -8.07       2.014
   24.10     7.83    37.75       24.53     7.86    37.82       0.439
   28.71    12.24   -27.40       28.88    12.37   -27.62       0.308
    1.68   -10.10    17.25        1.68   -10.14    17.26       0.043
   21.13     3.98    53.22       21.51     2.75    53.17       1.288
  -25.31     7.93   -16.43      -25.31     7.86   -16.50       0.098
   38.19    -0.85    -4.05       37.95    -0.70    -4.07       0.279
  -13.01     7.52   -14.37      -13.48     6.64   -12.03       2.545
  -33.08     5.94   -16.34      -33.02     5.83   -16.39       0.130
   -3.11   -12.84     1.49       -3.11   -12.82     1.49       0.014
   13.53    -6.54    26.78       13.52    -6.40    26.74       0.151
  -31.98     9.30   -28.42      -31.85     9.18   -27.52       0.919
   24.64    -4.05    21.68       24.09    -4.14    21.70       0.558
   37.99    -1.85   -10.14       38.86     0.25   -11.08       2.455
   21.46    -0.22    41.64       21.83    -0.18    43.30       1.697
   -3.86   -15.80    -4.40       -5.66   -17.70    -7.49       4.054
   12.52    17.69   -17.73       13.26    16.11   -17.79       1.749
   29.30    -2.22    17.59       28.83    -2.14    17.97       0.611
  -13.00   -25.53   -12.62      -12.89   -25.70   -12.12       0.541
  -10.73     9.32    11.54      -11.40     9.04    14.51       3.052
    4.38    18.06    -1.38        3.64    20.08     1.73       3.788
  -31.74   -28.82   -33.17      -31.86   -29.16   -32.47       0.787
  -10.50   -25.76   -39.08      -10.43   -25.86   -39.15       0.134
  -19.68   -31.88   -22.22      -19.62   -32.00   -20.68       1.551
   11.98     2.60   -19.12       13.74     4.46   -18.35       2.674
  -11.80    23.60    20.52      -11.71    23.37    20.68       0.302
   24.42    23.96     3.53       27.01    23.04     3.27       2.761
   -7.88     8.08   -23.49       -6.59     7.16   -24.05       1.682
    2.06    17.67     2.71        1.28    18.00     4.12       1.649
   11.07    -6.29   -21.85        7.83    -5.26   -22.66       3.491
  -40.58     1.00   -23.14      -39.88     1.67   -22.49       1.162
  -40.28   -19.51   -18.67      -40.19   -19.88   -18.62       0.376
   -2.05    -6.12    36.78       -3.33    -5.52    37.44       1.557
   26.20    23.02   -14.91       25.81    23.56   -12.77       2.247
   -2.76    10.77    -4.39       -2.98    10.74    -3.93       0.507
   -3.07   -14.40   -39.34       -3.03   -14.40   -39.39       0.065
  -21.64     3.90   -43.72      -23.34     4.07   -43.39       1.742
   13.64    -5.43    51.63       13.72    -5.63    51.65       0.219
   -1.48   -20.68   -32.03       -1.34   -20.75   -32.05       0.160
  -10.94     8.64   -32.92      -11.02     8.46   -32.91       0.190
   29.49    21.01   -10.13       29.69    21.27   -10.13       0.327
   -6.12    -3.08    36.95       -5.89    -2.54    37.35       0.707
   15.52    21.00    42.05       15.87    21.17    40.95       1.169
  -19.88     3.94   -43.33      -18.69     2.41   -44.44       2.232
  -12.26   -20.48   -44.36      -13.24   -24.32   -42.63       4.324
   16.09    26.83    -0.66       16.12    27.31    -2.28       1.687
   36.57     4.01   -16.08       36.60     3.07   -15.95       0.945
   21.41    11.48    49.99       21.97    11.28    50.75       0.964
   12.79    -0.07    63.19       12.78    -0.06    63.02       0.171
   -1.79     5.03    63.40       -1.56     2.11    63.43       2.928
   -4.41    14.17    60.24       -3.91    13.79    60.19       0.636
    9.65    21.42    41.96        8.67    20.92    43.52       1.910
   14.09   -12.46     5.05       14.04   -12.24     4.89       0.284
  -34.03     0.62   -12.93      -34.02     0.67   -12.76       0.182
  -40.64   -14.14   -31.48      -40.35   -14.19   -31.41       0.299
    0.82     7.16   -18.24        0.71     7.36   -18.15       0.243
   -1.57   -20.41   -33.39       -1.19   -20.24   -33.12       0.494
   36.66    12.82     0.55       37.05    13.07     1.73       1.266
  -10.39   -27.46   -36.15       -9.96   -27.69   -35.60       0.737
   -8.75   -17.74   -43.97       -9.20   -16.54   -44.58       1.427
  -16.33    19.13    24.87      -16.58    16.72    24.87       2.419
   24.46    19.94   -24.95       26.81    19.02   -23.99       2.704
  -30.20     8.51   -17.95      -30.58     8.23   -18.08       0.494
  -19.35   -31.30   -34.52      -19.31   -31.50   -34.60       0.216
  -15.77   -24.98   -42.52      -16.74   -23.46   -44.09       2.396
  -24.85     1.51   -45.44      -24.80     1.32   -45.23       0.286
   26.24    -3.07   -27.12       24.07    -1.91   -27.14       2.457
   -2.26    -3.05   -29.79       -2.95    -3.16   -30.93       1.346
  -33.04     7.81   -32.24      -32.88     7.50   -32.11       0.376
    4.69    19.37    60.81        4.05    17.79    62.87       2.679
   -5.19    -2.34    62.93       -4.91    -1.53    62.70       0.883
    4.37    22.34    31.20        4.37    22.34    31.20       0.002
  -25.38    11.38   -21.38      -25.81    10.68   -19.98       1.627
  -10.22   -24.01   -12.66       -9.62   -23.26   -12.05       1.143
   12.22   -17.42    -7.38       13.22   -17.25    -8.31       1.383
  -39.56     0.20   -34.84      -39.62     0.11   -33.99       0.863
    2.08    -6.93    37.63        2.08    -6.96    37.63       0.035
   -0.46   -10.70    14.23       -0.50   -10.62    14.82       0.596
   10.56   -12.89   -18.76        9.53   -13.08   -19.02       1.077
  -31.83   -27.81   -35.42      -33.15   -26.63   -36.46       2.050
   13.68    15.10   -19.61       13.64    15.07   -19.61       0.049
   11.52   -12.27   -19.02        9.58   -12.64   -19.52       2.038
