15 "PA3-E-OurOutput-Octree.txt"
   15.59     1.11    60.86       15.64     1.12    62.97       2.114
   12.41    21.85   -23.92       12.40    21.66   -28.81       4.901
  -38.72   -22.20   -14.31      -37.60   -21.21   -15.59       1.970
   15.82    14.58    48.36       19.57    15.85    51.24       4.898
  -40.45   -12.78   -13.07      -38.61   -13.71   -12.42       2.165
   26.78   -10.88    -0.58       27.45    -9.39     2.62       3.587
   10.64   -14.97     3.37        9.44   -13.85     2.92       1.703
  -45.64    -6.22   -30.85      -42.88    -7.10   -30.69       2.894
    2.57   -17.57   -22.25        3.16   -17.11   -21.04       1.421
    1.60    19.07    -0.25        3.64    20.08     1.73       3.020
    8.50    23.34    13.38        9.24    25.24    14.10       2.169
    9.93    17.97   -26.29       12.64    20.83   -29.37       4.997
   15.72    -2.97    56.44       16.35    -3.90    57.90       1.847
   18.48    23.21    -9.09       16.30    26.61    -6.30       4.907
  -37.01     3.70   -20.94      -37.32     4.90   -23.21       2.586
