20 "PA3-J-OurOutput-Octree.txt"
    1.28    -0.11   -25.50       -3.01    -0.52   -28.87       5.474
   22.61    -8.38    18.98       21.76    -5.79    18.70       2.745
   29.21     1.58    25.92       27.89     6.04    25.38       4.683
   38.98    -5.39   -14.71       35.55    -4.11   -16.52       4.085
   15.06   -19.12    -2.43       14.57   -16.89    -4.15       2.854
   18.69     9.21    62.28       20.51     9.47    62.77       1.906
   15.24   -12.00    10.47       15.94    -8.99    10.68       3.102
  -22.08   -23.79   -47.66      -20.00   -22.55   -46.17       2.836
   27.56     1.31   -30.21       27.62     1.39   -30.03       0.211
    8.80    -9.85    28.89        4.72    -7.38    31.16       5.280
    1.70    16.88     5.34        0.82    17.93     4.56       1.584
   24.77    -4.26    32.79       22.25    -2.75    32.60       2.946
   31.99   -10.20     3.87       30.66    -8.04     3.70       2.547
  -25.95   -16.47   -48.81      -25.67   -16.35   -47.74       1.112
   29.96    -3.86    19.07       28.73    -2.34    17.89       2.279
   -9.75   -18.94   -48.23      -11.18   -16.48   -45.80       3.738
  -33.14   -26.53   -38.76      -32.56   -25.77   -38.18       1.111
    3.04    20.59    10.36        1.77    22.51     9.88       2.357
   -6.14   -32.65   -25.05       -5.70   -26.51   -21.37       7.173
   -6.71     1.22    27.44       -7.41     0.78    30.27       2.951
